100100 1000 100 10
100 13
200 10
300 12
400 10
500 9
600 10
700 8
800 9
900 10
1000 12
1100 9
1200 13
1300 8
1400 9
1500 8
1600 13
1700 12
1800 8
1900 8
2000 11
2100 12
2200 9
2300 8
2400 13
2500 8
2600 9
2700 8
2800 12
2900 12
3000 12
3100 9
3200 10
3300 10
3400 12
3500 11
3600 12
3700 13
3800 10
3900 12
4000 8
4100 9
4200 9
4300 8
4400 11
4500 8
4600 10
4700 9
4800 10
4900 9
5000 10
5100 10
5200 11
5300 12
5400 10
5500 12
5600 13
5700 9
5800 10
5900 10
6000 12
6100 9
6200 11
6300 12
6400 8
6500 8
6600 11
6700 12
6800 9
6900 12
7000 13
7100 12
7200 12
7300 9
7400 9
7500 10
7600 8
7700 11
7800 8
7900 9
8000 13
8100 10
8200 8
8300 9
8400 12
8500 10
8600 13
8700 8
8800 12
8900 12
9000 10
9100 8
9200 10
9300 11
9400 13
9500 9
9600 10
9700 11
9800 10
9900 13
10000 9
10100 11
10200 10
10300 8
10400 12
10500 10
10600 11
10700 11
10800 8
10900 11
11000 8
11100 12
11200 11
11300 9
11400 11
11500 8
11600 9
11700 10
11800 8
11900 13
12000 8
12100 9
12200 8
12300 13
12400 11
12500 11
12600 8
12700 10
12800 13
12900 13
13000 8
13100 10
13200 12
13300 12
13400 13
13500 10
13600 8
13700 13
13800 10
13900 12
14000 10
14100 12
14200 11
14300 9
14400 12
14500 12
14600 8
14700 11
14800 12
14900 9
15000 12
15100 8
15200 8
15300 12
15400 9
15500 13
15600 9
15700 10
15800 11
15900 11
16000 13
16100 13
16200 11
16300 10
16400 8
16500 13
16600 11
16700 11
16800 13
16900 12
17000 8
17100 13
17200 13
17300 12
17400 8
17500 8
17600 8
17700 11
17800 11
17900 10
18000 13
18100 8
18200 13
18300 10
18400 10
18500 9
18600 12
18700 13
18800 12
18900 8
19000 9
19100 13
19200 8
19300 10
19400 10
19500 10
19600 10
19700 8
19800 11
19900 9
20000 13
20100 10
20200 11
20300 13
20400 12
20500 8
20600 11
20700 13
20800 8
20900 13
21000 8
21100 10
21200 8
21300 9
21400 8
21500 9
21600 9
21700 11
21800 13
21900 8
22000 11
22100 8
22200 11
22300 10
22400 11
22500 8
22600 11
22700 9
22800 8
22900 9
23000 11
23100 9
23200 12
23300 8
23400 10
23500 8
23600 10
23700 8
23800 13
23900 11
24000 9
24100 13
24200 10
24300 13
24400 8
24500 10
24600 9
24700 8
24800 12
24900 11
25000 12
25100 10
25200 11
25300 13
25400 10
25500 8
25600 9
25700 12
25800 12
25900 9
26000 8
26100 9
26200 12
26300 11
26400 10
26500 9
26600 11
26700 11
26800 13
26900 11
27000 13
27100 10
27200 10
27300 11
27400 10
27500 9
27600 12
27700 12
27800 12
27900 10
28000 10
28100 10
28200 13
28300 12
28400 10
28500 13
28600 10
28700 8
28800 12
28900 9
29000 10
29100 10
29200 13
29300 12
29400 9
29500 13
29600 10
29700 13
29800 12
29900 13
30000 13
30100 9
30200 8
30300 13
30400 9
30500 9
30600 9
30700 8
30800 10
30900 13
31000 13
31100 9
31200 10
31300 12
31400 10
31500 8
31600 13
31700 12
31800 8
31900 13
32000 11
32100 9
32200 8
32300 10
32400 10
32500 10
32600 9
32700 12
32800 12
32900 9
33000 12
33100 9
33200 11
33300 10
33400 9
33500 9
33600 13
33700 13
33800 10
33900 9
34000 12
34100 11
34200 11
34300 13
34400 9
34500 11
34600 11
34700 13
34800 11
34900 13
35000 10
35100 12
35200 8
35300 12
35400 8
35500 13
35600 8
35700 13
35800 12
35900 10
36000 12
36100 8
36200 11
36300 9
36400 12
36500 8
36600 10
36700 10
36800 12
36900 8
37000 10
37100 11
37200 8
37300 10
37400 13
37500 13
37600 8
37700 13
37800 8
37900 11
38000 13
38100 9
38200 8
38300 11
38400 9
38500 13
38600 9
38700 10
38800 11
38900 11
39000 13
39100 9
39200 9
39300 10
39400 13
39500 10
39600 8
39700 9
39800 13
39900 11
40000 12
40100 9
40200 9
40300 10
40400 13
40500 11
40600 8
40700 12
40800 11
40900 10
41000 9
41100 13
41200 13
41300 13
41400 9
41500 8
41600 13
41700 9
41800 9
41900 10
42000 13
42100 8
42200 11
42300 10
42400 11
42500 12
42600 10
42700 12
42800 11
42900 11
43000 13
43100 12
43200 13
43300 9
43400 12
43500 10
43600 11
43700 12
43800 11
43900 13
44000 9
44100 11
44200 8
44300 9
44400 13
44500 8
44600 11
44700 12
44800 9
44900 8
45000 10
45100 10
45200 8
45300 11
45400 11
45500 13
45600 10
45700 8
45800 11
45900 10
46000 8
46100 8
46200 10
46300 10
46400 13
46500 11
46600 8
46700 9
46800 13
46900 9
47000 12
47100 8
47200 8
47300 11
47400 9
47500 12
47600 11
47700 12
47800 12
47900 13
48000 10
48100 8
48200 9
48300 11
48400 10
48500 11
48600 13
48700 11
48800 13
48900 13
49000 13
49100 8
49200 12
49300 12
49400 10
49500 12
49600 12
49700 11
49800 11
49900 10
50000 8
50100 12
50200 13
50300 8
50400 11
50500 10
50600 13
50700 11
50800 10
50900 12
51000 12
51100 8
51200 10
51300 9
51400 12
51500 10
51600 11
51700 11
51800 13
51900 13
52000 13
52100 11
52200 9
52300 8
52400 10
52500 13
52600 11
52700 13
52800 11
52900 11
53000 10
53100 13
53200 11
53300 11
53400 8
53500 13
53600 12
53700 12
53800 9
53900 13
54000 8
54100 13
54200 8
54300 8
54400 8
54500 9
54600 9
54700 10
54800 9
54900 13
55000 11
55100 9
55200 13
55300 8
55400 11
55500 13
55600 11
55700 10
55800 9
55900 13
56000 11
56100 8
56200 8
56300 11
56400 10
56500 10
56600 11
56700 8
56800 10
56900 12
57000 13
57100 9
57200 13
57300 8
57400 10
57500 8
57600 11
57700 8
57800 10
57900 13
58000 9
58100 12
58200 10
58300 13
58400 9
58500 12
58600 12
58700 11
58800 11
58900 9
59000 9
59100 13
59200 8
59300 10
59400 11
59500 10
59600 11
59700 10
59800 8
59900 13
60000 13
60100 9
60200 11
60300 9
60400 9
60500 12
60600 9
60700 8
60800 13
60900 11
61000 9
61100 10
61200 10
61300 9
61400 11
61500 9
61600 13
61700 11
61800 10
61900 10
62000 13
62100 10
62200 11
62300 10
62400 10
62500 13
62600 11
62700 8
62800 10
62900 8
63000 11
63100 10
63200 11
63300 11
63400 12
63500 11
63600 10
63700 10
63800 8
63900 13
64000 13
64100 10
64200 10
64300 12
64400 13
64500 11
64600 12
64700 12
64800 9
64900 13
65000 11
65100 13
65200 13
65300 12
65400 8
65500 12
65600 9
65700 10
65800 8
65900 8
66000 12
66100 8
66200 8
66300 9
66400 8
66500 10
66600 9
66700 11
66800 13
66900 12
67000 9
67100 13
67200 10
67300 8
67400 9
67500 8
67600 11
67700 11
67800 13
67900 12
68000 13
68100 13
68200 8
68300 13
68400 11
68500 13
68600 13
68700 10
68800 12
68900 10
69000 9
69100 8
69200 12
69300 12
69400 9
69500 11
69600 13
69700 13
69800 8
69900 8
70000 8
70100 10
70200 11
70300 11
70400 10
70500 9
70600 8
70700 9
70800 13
70900 13
71000 13
71100 8
71200 9
71300 10
71400 10
71500 8
71600 10
71700 10
71800 11
71900 13
72000 13
72100 10
72200 8
72300 13
72400 8
72500 8
72600 10
72700 9
72800 10
72900 10
73000 9
73100 10
73200 8
73300 12
73400 8
73500 10
73600 13
73700 12
73800 10
73900 11
74000 10
74100 10
74200 8
74300 10
74400 10
74500 11
74600 11
74700 8
74800 11
74900 12
75000 13
75100 11
75200 12
75300 12
75400 9
75500 11
75600 9
75700 8
75800 12
75900 10
76000 12
76100 10
76200 9
76300 9
76400 12
76500 8
76600 11
76700 12
76800 10
76900 8
77000 11
77100 11
77200 8
77300 12
77400 11
77500 11
77600 8
77700 13
77800 13
77900 8
78000 12
78100 13
78200 13
78300 8
78400 8
78500 11
78600 13
78700 10
78800 13
78900 11
79000 12
79100 10
79200 13
79300 9
79400 10
79500 8
79600 13
79700 11
79800 12
79900 13
80000 12
80100 10
80200 11
80300 9
80400 9
80500 8
80600 11
80700 8
80800 9
80900 9
81000 8
81100 8
81200 8
81300 9
81400 8
81500 8
81600 11
81700 8
81800 9
81900 13
82000 10
82100 8
82200 8
82300 11
82400 13
82500 12
82600 13
82700 10
82800 13
82900 8
83000 9
83100 9
83200 12
83300 10
83400 10
83500 11
83600 9
83700 10
83800 8
83900 12
84000 10
84100 12
84200 10
84300 13
84400 8
84500 8
84600 10
84700 13
84800 8
84900 10
85000 13
85100 13
85200 12
85300 12
85400 9
85500 13
85600 13
85700 12
85800 11
85900 10
86000 10
86100 11
86200 11
86300 10
86400 9
86500 10
86600 11
86700 9
86800 8
86900 10
87000 9
87100 12
87200 11
87300 9
87400 8
87500 11
87600 13
87700 8
87800 10
87900 8
88000 9
88100 8
88200 11
88300 13
88400 12
88500 8
88600 11
88700 9
88800 11
88900 11
89000 9
89100 8
89200 12
89300 13
89400 13
89500 12
89600 11
89700 13
89800 9
89900 11
90000 12
90100 9
90200 13
90300 11
90400 10
90500 13
90600 10
90700 11
90800 13
90900 9
91000 12
91100 13
91200 8
91300 10
91400 10
91500 8
91600 8
91700 9
91800 13
91900 9
92000 11
92100 13
92200 11
92300 10
92400 10
92500 10
92600 12
92700 10
92800 11
92900 13
93000 12
93100 13
93200 13
93300 13
93400 10
93500 10
93600 13
93700 13
93800 8
93900 12
94000 12
94100 12
94200 9
94300 9
94400 11
94500 9
94600 12
94700 8
94800 12
94900 13
95000 12
95100 9
95200 10
95300 10
95400 9
95500 10
95600 9
95700 12
95800 11
95900 13
96000 10
96100 8
96200 13
96300 10
96400 9
96500 13
96600 8
96700 12
96800 12
96900 8
97000 13
97100 8
97200 12
97300 9
97400 9
97500 8
97600 8
97700 10
97800 10
97900 8
98000 13
98100 11
98200 10
98300 9
98400 9
98500 11
98600 13
98700 8
98800 12
98900 13
99000 11
99100 13
99200 8
99300 10
99400 13
99500 9
99600 12
99700 9
99800 9
99900 10
100000 8
