67 26
-45 -8 -45 45 -21 -10 18 42 17 -2 35 14 42 3 32 20 42 33 48 -5 36 14 -34 15 -39 -12 
-19 34 33 20 43 -32 -16 -43 -28 -10 -15 35 -46 -32 -23 46 -42 -35 -50 -4 18 19 -46 1 49 -13 
6 -8 -34 10 -26 -33 13 21 10 -13 -34 38 29 18 40 47 -31 -24 -15 -30 32 3 -50 2 -42 2 
9 -3 -10 29 49 11 -27 34 43 14 28 -25 -6 -50 -10 47 4 -2 47 30 47 12 2 -47 -44 18 
37 -7 -45 21 -4 -26 35 38 -33 -25 -31 22 -42 37 27 -50 -15 -43 -47 -36 5 -39 -45 1 4 17 
-20 36 -47 -46 27 -15 24 12 16 41 30 21 38 -3 36 -7 34 5 -24 47 6 -21 17 -13 -17 -36 
-16 -22 44 -25 15 -1 4 -5 -15 15 46 22 5 16 -13 43 -16 -43 -49 3 -31 5 -25 -5 3 -7 
-10 5 38 -25 23 38 10 -44 11 -49 1 32 48 26 -14 25 12 -17 1 -35 -18 -6 40 24 -11 27 
11 -3 23 -11 44 -17 37 -29 -22 -40 40 33 3 41 -48 37 32 33 -23 49 44 14 47 0 15 47 
-42 -45 16 -31 -6 -18 -47 -44 13 7 34 46 -3 26 45 -19 41 -11 40 -44 46 -18 19 -12 30 15 
40 36 -43 10 24 -13 38 41 -17 -41 -12 19 -5 30 -50 -8 -3 20 0 29 -47 12 -29 -32 -8 44 
-6 10 -10 46 46 29 -19 -11 3 25 -50 3 -12 -7 14 44 17 -37 22 38 42 44 26 -1 35 13 
-32 -12 -26 -13 27 -37 20 48 46 -40 -32 -13 -29 -45 -3 -36 31 16 2 43 -28 -9 43 -18 -12 -38 
33 -11 4 21 41 -18 29 13 2 25 -26 16 -40 -31 -30 8 -23 -25 7 32 6 -48 -21 47 17 46 
-19 -24 -18 -17 -32 49 38 8 -25 8 44 -49 -11 -45 38 47 -45 -5 -22 -19 18 7 -47 4 -16 -34 
16 24 -16 -22 1 15 -34 -1 8 -21 39 15 43 -24 48 31 -10 -28 43 -18 7 48 -43 0 -15 3 
-37 2 16 -24 -46 -48 33 21 -16 -5 30 17 5 36 -25 -7 31 4 -2 18 22 10 44 -26 35 -6 
2 38 -11 -13 -17 27 20 40 22 16 1 34 -18 22 -41 13 47 17 45 -17 -7 22 -21 29 -4 -39 
-3 13 26 25 17 23 -19 -6 -3 -12 -10 -14 49 -4 -38 39 2 -29 43 -48 -1 -21 -34 -38 -45 -20 
-8 33 -1 -36 29 11 -38 23 8 0 -46 34 12 -25 -20 23 -21 -12 -45 16 -35 -14 -4 41 -21 39 
-22 43 37 29 5 -45 -12 -29 -12 22 29 -28 3 42 -18 -16 21 -11 29 37 -30 25 10 44 21 -25 
-5 -12 16 -33 44 -14 -25 16 45 17 -14 -19 -17 20 49 44 -41 38 3 -47 -9 32 -26 17 -30 26 
-8 8 26 11 -25 13 -12 30 -43 -10 8 -31 -13 10 -18 15 22 48 0 39 -33 -32 -8 22 35 -47 
-32 9 -22 47 -23 39 33 37 -3 16 -11 38 16 27 43 -4 -36 10 -19 -31 -28 -29 -34 -7 46 -8 
-32 -29 0 -34 5 -12 -35 -13 44 -27 -40 39 10 25 5 -4 16 -46 -18 -20 -10 -6 20 -38 41 -31 
-22 20 29 41 18 20 -38 22 -9 2 44 -13 18 -23 -8 -47 0 8 29 34 23 -6 -17 -31 36 -19 
-21 0 44 -4 -37 -14 33 27 -49 -42 32 3 -35 28 -23 18 44 -38 -49 32 -9 45 -20 -50 -36 42 
-25 27 31 -17 20 49 17 -14 -17 -18 -48 28 5 -25 1 -34 20 -40 7 -12 42 25 30 42 -25 -21 
-48 7 -10 -34 15 43 -28 19 -21 36 -13 -43 -28 37 11 -32 -9 35 -34 41 42 31 37 -12 -38 8 
1 27 49 33 -13 18 -37 -38 16 -24 -28 11 -20 1 23 -8 -11 36 -23 19 -18 7 45 12 -8 -44 
34 3 25 -13 49 -45 -21 17 13 29 -29 -41 -39 -2 -13 -9 29 41 49 14 -29 -44 17 43 -45 -18 
-27 -37 16 -3 26 49 -38 17 -22 -32 -35 29 32 -21 -5 -32 31 48 -11 34 -1 48 33 -31 -16 -31 
44 -42 -3 -11 26 -44 16 35 26 -41 18 -36 41 -15 -23 -21 -47 -7 -44 -12 -38 -24 -13 9 7 -8 
-16 -26 33 -13 41 -13 37 -36 -41 -21 39 -9 -42 36 -29 3 -50 40 -21 39 22 13 -35 49 14 -23 
42 -45 18 39 15 23 45 18 32 -2 -4 -5 -38 4 0 41 -31 -18 37 -19 -43 27 11 -26 48 -9 
32 -34 1 -40 -24 33 -40 -5 -14 -26 -38 11 -44 24 -2 -8 48 -38 -28 44 23 -10 -12 8 7 27 
38 -31 25 -15 -19 37 49 9 -30 -13 -24 5 -1 -1 5 25 -29 40 23 -13 -37 36 47 -4 -2 -26 
-30 -29 29 -37 45 -27 46 -9 -49 -50 37 -47 31 23 -9 -8 -45 -4 -25 -49 -20 44 47 -9 27 31 
-16 -17 27 -20 -16 28 -20 15 19 -10 47 24 -13 27 -45 4 5 -1 -9 27 1 -32 25 -33 -39 -13 
31 25 36 46 16 -31 -20 -1 45 -29 -13 29 -36 -21 46 -19 -8 28 -17 -28 -33 4 36 -49 -3 14 
7 -25 -3 -30 -41 -45 33 -34 1 18 -27 5 32 -31 44 32 38 -32 39 42 26 44 -14 -32 33 26 
-40 1 38 -35 32 20 33 -26 -11 48 36 -45 15 39 -25 -48 -12 34 14 -43 -14 36 49 7 -11 -23 
-28 3 47 -28 14 13 6 0 -13 -50 38 -16 11 19 -13 34 -19 -33 -6 -39 -24 -6 -49 5 32 12 
21 26 8 33 33 -21 -9 -38 -16 -22 45 -3 12 33 16 -8 37 -10 -46 -33 12 -17 -16 23 0 19 
31 -15 -9 29 -50 28 -17 23 -16 -30 33 33 -16 46 25 23 -6 2 28 -49 -12 -3 10 28 -47 -25 
-8 -20 -8 35 -11 42 12 38 4 39 26 -13 -6 18 -44 38 11 -17 45 21 18 26 5 -12 0 35 
27 -17 21 -41 40 -38 23 -8 -19 -37 3 -34 36 -8 -43 -41 -50 47 -6 -20 49 -6 -32 -40 0 8 
-38 -23 -33 47 13 -48 18 -44 22 -10 -36 15 0 -48 -8 20 -31 2 -2 -46 -44 0 38 -46 49 17 
-39 20 4 25 -31 -25 47 36 15 -33 -9 -37 40 30 -15 -37 -21 20 29 43 -44 -4 -34 -1 2 -2 
39 3 0 -33 1 -24 43 -31 -13 -43 -37 7 43 12 26 4 26 -17 37 -25 -35 -2 -8 -4 12 -22 
1 -31 -5 48 -32 -5 15 -5 42 -43 -44 46 16 25 25 -3 26 34 11 -19 -10 47 9 21 9 6 
7 -12 12 -9 26 -43 -16 25 -24 -50 -7 49 0 28 31 -14 -36 -10 18 -27 -7 -28 26 -26 -33 -6 
-22 -18 41 -27 -43 -13 43 -36 -31 20 47 3 -12 -26 48 -23 48 -36 -26 48 -4 -43 34 13 32 -9 
-28 3 -5 -10 6 -20 -33 -6 22 -38 -27 -2 -43 4 30 33 22 33 25 -30 5 40 -46 40 24 21 
-40 26 25 -10 46 -3 10 -30 -38 -39 18 -30 -17 36 24 -31 -25 3 16 -15 44 -23 5 -14 36 -49 
25 -5 -26 45 8 3 -25 -3 -13 42 -31 1 27 36 -21 17 -27 -27 -39 -9 -45 -7 49 46 14 -35 
38 -35 14 -41 -12 36 41 35 16 47 -20 -21 -46 22 -50 -7 12 -15 -22 -3 -40 1 32 36 -19 -26 
-45 31 -30 -45 -43 4 16 7 6 -28 13 -39 5 -4 32 10 -27 -47 35 -31 -33 -26 -29 23 21 -33 
19 -27 39 48 -29 35 7 -34 42 6 -22 -26 26 -20 -23 4 -32 10 -43 -47 23 -2 -17 20 -8 -10 
14 -39 -50 -7 -14 -13 -41 41 -7 -27 0 -47 -40 7 34 23 25 18 -35 28 -14 -13 -29 15 21 23 
-4 -25 45 37 21 -15 -21 -1 34 6 2 20 49 -35 12 46 -16 -24 2 -15 -27 -50 -34 -16 36 -8 
-29 18 -27 -40 40 29 8 6 -35 -21 45 35 46 12 -17 34 -27 20 16 17 2 11 -19 -21 21 -6 
16 8 24 1 23 46 30 -23 -21 -23 15 -32 -47 -19 17 15 20 -30 42 -40 35 -15 35 -33 16 -47 
-48 21 -35 44 -23 -25 45 35 40 33 23 -37 40 39 -37 10 30 48 13 30 10 36 26 40 -44 45 
-24 31 -5 -38 1 -23 42 32 -17 10 -35 2 -26 21 47 19 7 -16 41 1 -12 23 21 44 8 11 
28 27 8 3 24 46 1 44 -33 -35 16 9 36 12 32 -11 19 35 11 0 -14 40 27 -24 45 18 
14 29 48 -24 4 -50 -14 27 -31 -27 -26 -23 18 28 -39 27 4 -46 49 32 14 -46 -27 29 -10 -6 
