591 33
-19 -15 -27 17 40 -14 -37 10 23 -44 -9 -26 0 26 -15 18 -29 -23 45 11 -50 22 -44 48 1 -45 -5 46 -15 0 49 18 -45 
-14 -1 18 -44 1 -22 14 28 -3 -23 1 -14 -26 -29 5 35 25 -33 -25 -11 27 -22 42 28 4 25 -31 49 38 -49 -33 31 -29 
-30 19 39 -27 -7 4 41 -43 -32 39 16 21 -44 -46 -48 38 -20 -1 -2 32 45 -14 -9 -48 -4 31 22 -20 49 -49 24 -47 48 
-11 45 -43 -35 36 -48 -26 -2 -49 22 35 23 -36 -49 46 5 36 9 -22 -36 43 -23 -19 -18 31 23 -7 29 28 -22 -46 -50 3 
-28 43 22 -47 -45 10 -19 -22 12 17 -34 -44 23 35 -14 -18 27 1 -15 6 43 25 -23 14 17 45 16 -17 34 16 -20 42 -30 
-50 -40 -40 -3 36 -42 -1 39 -35 7 45 -44 35 -13 -28 -29 -26 -50 23 -32 -1 -6 -36 -21 -1 6 -10 -9 -7 25 29 -6 -2 
11 48 -41 -24 -15 -33 34 13 12 -35 31 -4 24 -17 37 -5 48 -35 28 -33 1 36 -39 -43 -6 49 13 27 31 -39 -19 -29 -21 
2 12 34 6 -23 5 -9 -21 44 23 -24 0 -2 -34 -30 -37 29 28 -27 -15 -5 -5 14 -50 15 -11 37 -8 42 10 -43 -33 -3 
-40 30 48 30 41 -39 -24 35 -28 25 36 -26 45 29 -45 -34 -2 13 20 -20 26 -33 -24 1 -30 27 -43 15 -27 -32 20 -34 -36 
36 -35 -30 -27 -47 -23 -22 -26 -30 -24 42 -30 42 15 -11 -31 31 -4 36 5 42 13 -21 4 12 30 33 6 -44 -18 29 -18 -32 
-9 -24 45 -39 -12 40 -6 -49 48 -25 -50 4 -23 -3 -42 -13 -38 -50 -31 0 5 -24 31 -2 -1 -13 -42 1 -31 33 0 -6 -17 
40 -22 12 -9 -22 -16 -36 0 -47 8 -22 -29 -17 19 -43 18 -17 25 1 -1 -24 -44 32 -28 -22 -12 16 -36 15 -34 30 16 -41 
6 -2 32 -29 -6 13 35 -5 -28 30 34 -38 -5 30 -20 34 -3 38 -23 24 42 14 44 13 0 47 -43 2 23 -23 20 5 40 
10 -4 -8 38 -42 -25 -39 -46 -13 6 7 -42 -20 23 -19 17 33 25 -16 14 -7 28 5 11 40 6 15 -29 13 9 -10 -31 38 
2 1 -13 3 -42 -47 43 -23 31 -18 45 -4 4 -31 -34 11 0 15 27 -37 28 42 -20 -31 36 -7 -22 3 21 32 -5 5 12 
-15 -23 36 49 12 -30 -8 -48 -26 15 15 35 -44 31 -7 26 30 29 37 -36 -45 -21 12 47 37 37 -8 42 -42 -39 -33 16 -48 
37 30 -41 -11 48 24 -46 28 28 -9 16 6 16 -34 35 -32 -4 11 44 44 25 -25 39 -29 3 -26 48 2 28 9 47 3 -10 
-1 -10 38 -36 33 21 47 1 26 31 22 -35 49 22 -42 1 30 -41 -46 13 36 47 -26 -44 27 33 4 -6 17 37 30 -43 48 
-4 -9 18 40 9 -12 49 -29 -16 17 -29 -36 -7 20 -25 -16 26 -31 15 30 -20 18 9 42 12 14 42 44 -10 -20 16 -6 18 
-15 -42 -33 42 -30 44 -7 -34 -25 2 26 -18 29 -18 -18 -23 -20 -16 -36 15 1 0 -5 -48 -47 -39 6 45 26 -23 3 -20 32 
-27 3 15 -34 -41 42 -46 -45 4 -13 34 22 43 -19 32 20 15 8 -39 -28 32 41 6 -16 -11 -12 -20 -36 44 -11 -2 -17 -2 
1 -6 -24 25 49 -20 -43 39 -5 -44 -46 41 -44 31 -7 48 33 -27 42 30 22 18 44 41 36 -27 13 47 -50 4 -33 13 47 
45 -49 -2 -38 -40 22 6 -3 34 41 24 26 33 14 35 7 -34 13 20 25 12 12 -27 0 41 -15 12 0 17 47 -25 -41 5 
8 2 41 -2 -2 -42 -24 -18 25 -3 -3 -48 -33 41 30 31 -27 -15 -14 -33 -30 26 -10 -32 -19 -38 -34 42 -32 -45 19 -50 46 
18 -34 17 -28 18 9 22 0 -6 -12 -14 17 41 2 -39 7 -26 -7 20 -22 -21 20 -23 25 -22 -40 39 41 -35 13 23 -38 -11 
-35 26 9 -10 9 -24 -14 -18 35 -48 -4 20 23 16 -13 -42 14 -12 37 28 -31 -38 -32 3 -26 -12 23 -2 -13 -30 39 -44 14 
-11 -24 26 -16 -27 -36 -50 22 26 15 45 -10 28 8 41 -34 44 19 9 44 -19 -17 45 -48 -47 10 25 -45 9 -14 49 37 -10 
18 -49 46 8 34 -16 -19 -37 23 -44 -35 33 -10 -13 15 15 3 7 -45 -33 33 -32 -50 17 5 -6 -36 25 34 -1 43 29 -13 
40 4 -17 -45 31 -4 -23 12 41 45 2 -21 -11 10 -20 46 -50 45 -44 39 -31 8 22 -48 -34 26 42 8 27 -46 -39 38 -27 
-4 -36 -25 36 31 30 8 1 -41 8 -23 -34 15 -30 -25 -24 -14 -48 -19 -29 -50 -10 37 43 17 -49 20 -49 -25 32 39 15 -36 
-40 40 33 -34 43 -46 11 -35 31 40 34 11 -30 -5 3 -50 26 26 -9 12 34 49 44 -19 18 41 -50 -37 0 -36 37 -22 11 
-25 -11 -3 -16 -40 -5 25 -49 -47 2 -8 20 46 -6 9 -41 34 -24 -18 -19 23 -38 26 5 0 -36 -48 -18 -10 -41 44 -35 -29 
-3 -32 12 -21 18 -39 -16 -45 41 4 44 -21 -11 -33 32 -10 -2 -35 -47 -3 3 28 49 48 30 -4 -23 40 42 -36 -31 -26 -21 
8 5 38 -41 31 17 11 -49 -26 -46 -14 -27 -40 -42 34 29 7 -48 -49 18 -9 22 -38 11 -38 43 39 29 8 -24 -48 18 -9 
25 38 -26 26 -24 -23 -7 9 45 32 9 -43 -40 -3 -2 13 -33 -26 35 24 0 41 -37 33 18 -6 36 -25 7 34 -42 43 -43 
-14 -37 -2 -49 -4 -10 35 39 -43 -26 24 -39 36 -4 32 42 -38 -5 -39 -42 10 42 43 -1 43 -4 1 20 36 -28 -30 -31 31 
-25 -29 7 37 -10 -41 -30 4 -50 26 20 -37 43 26 41 14 49 -25 45 17 -39 39 30 38 -17 18 -25 -35 -41 30 -48 -4 -35 
28 -25 -5 -27 37 -37 30 39 32 -34 48 -44 13 -20 43 -39 -33 -19 33 -37 -15 15 36 20 22 6 22 -49 -7 16 10 2 23 
-39 -13 48 41 -39 26 -19 36 -1 18 42 20 -6 -4 4 39 18 -45 -47 -39 38 1 0 45 11 -38 -31 -19 -45 45 33 7 -33 
21 46 23 30 -3 -2 4 -45 -9 -27 -41 40 -34 -35 25 48 2 -38 -5 6 -28 37 15 28 -2 31 -35 -46 44 -50 -3 -30 28 
0 -45 16 15 20 -38 38 44 49 25 -6 -16 8 24 31 -49 -50 31 -20 -6 18 28 -1 1 -12 -39 13 -8 -11 7 -18 -4 -35 
-47 24 -1 27 40 -9 40 -37 28 16 -13 42 -1 -38 -31 -27 -39 -27 -45 7 12 -36 32 9 37 -44 16 -1 -50 -49 6 -39 -15 
10 -30 5 29 -41 4 -30 27 -42 -9 -14 -16 42 17 48 -39 14 45 17 -9 -27 11 0 45 23 -19 39 10 -3 30 -32 3 -50 
-41 -12 -43 22 -17 -45 -38 -49 -21 8 6 43 -26 -14 -44 -6 3 3 -42 41 45 24 49 9 26 14 -4 39 -41 -37 3 40 39 
-13 -21 -32 -18 -39 -43 -47 47 49 -39 -31 -50 -8 -16 16 35 -34 3 -13 -33 42 -35 -5 36 -30 -46 2 14 17 34 27 -47 -41 
21 -19 28 -4 -48 -30 -3 -37 -23 -4 38 -32 2 39 22 48 -16 -32 36 -28 21 -15 -38 37 -38 -18 35 -42 -42 48 -46 3 6 
-12 42 28 -32 -37 34 -47 46 -29 -40 -24 47 8 -45 -25 -13 -24 -35 -35 -3 31 2 -13 26 -25 -44 -17 -43 -9 37 -1 -14 15 
32 18 39 47 45 -40 28 -24 -36 8 5 -45 30 15 2 7 25 -6 22 -27 -11 34 24 -19 -32 -21 21 -36 -33 3 18 -40 -35 
25 -46 24 16 42 11 29 -19 14 14 -36 -47 46 47 24 -19 -31 6 -26 37 -24 -6 -29 17 26 -4 -37 -48 -48 -48 -12 -34 1 
-18 12 -21 -2 -45 -50 40 -24 -43 6 -34 -6 -24 32 17 -15 -26 11 -6 -16 10 19 -24 5 41 -33 -25 -7 -27 -29 -18 -41 37 
-48 -29 40 48 -31 -43 33 33 -25 21 26 40 36 -24 6 35 -12 -49 11 -21 -33 4 -13 -37 -23 -43 -17 33 48 -14 42 21 -28 
-28 -7 11 45 39 -42 -40 45 47 -9 -13 41 26 21 47 -11 9 -48 1 -4 -10 -28 -12 49 -7 -44 49 29 9 -14 -20 -16 -35 
24 30 -27 -18 14 1 -19 8 48 1 -6 -40 13 48 22 40 -21 16 -47 9 -43 19 23 24 30 -33 -40 -32 -44 48 20 -21 14 
-41 -42 11 25 -28 -34 11 -35 30 42 26 -6 -39 11 -45 -19 -44 -40 -38 28 -20 -9 -11 -3 37 22 43 11 -33 -33 -23 -15 -20 
4 38 16 33 38 -28 -10 -14 -32 -5 4 -11 3 42 -16 -43 -29 40 8 39 -31 -23 -41 -31 -30 1 39 3 -2 4 43 -21 -17 
-2 -35 32 -13 13 20 17 -39 32 -20 -46 31 -38 -34 19 48 24 -26 -16 20 12 -34 45 -42 -33 -43 -1 5 39 -1 38 38 20 
-49 -7 -9 -41 22 35 45 25 -14 23 47 19 15 6 48 -10 -32 -17 -35 -7 45 -24 45 -44 40 47 0 -29 -18 7 19 -13 -21 
28 -24 -47 -19 48 44 49 -24 -20 23 -48 26 18 6 29 -43 -12 12 -40 1 1 26 -23 28 -9 15 -4 -41 -3 40 40 -17 -39 
-41 33 23 0 -42 8 -28 25 -50 14 -25 -16 -43 -34 41 -36 -47 -5 49 34 -2 25 21 19 1 17 46 -44 -10 15 -10 -32 43 
19 -45 0 -50 27 21 42 42 -8 18 -2 4 -24 45 25 31 15 -47 14 -35 -11 48 -25 32 46 -28 28 -11 -37 -12 -30 -14 36 
26 -46 -6 -42 0 27 -7 19 20 -43 -11 -40 -12 4 48 -45 -50 -19 -6 -20 -36 11 -38 33 40 -44 -36 -32 -34 -27 26 16 -2 
4 24 4 11 -40 24 -1 -8 -46 -10 13 -13 14 -46 13 -41 7 31 -33 22 35 4 3 -2 -13 13 -1 31 -1 -40 -2 -22 20 
-47 -34 20 5 -29 11 22 47 19 16 16 17 22 -35 8 32 -18 -22 32 32 -11 23 42 -6 -2 -48 27 -50 36 -5 -50 40 24 
31 -13 7 25 -24 43 30 30 9 -19 -9 -24 -36 37 -8 -4 -40 5 4 35 31 45 18 24 -22 23 -20 -10 -38 10 34 -45 44 
35 24 32 17 34 -10 42 -9 -50 -6 27 34 -33 23 25 -42 -26 4 44 -25 -10 31 -5 22 46 -45 41 28 -33 4 -4 -23 44 
33 -14 -29 -17 18 10 14 13 -28 9 6 25 -6 -47 -33 5 33 41 -24 5 41 19 16 24 -7 -1 -8 -27 -15 -32 21 -6 -5 
-28 45 27 4 -5 -41 28 48 -32 -16 -13 3 4 44 -47 37 2 -38 -1 -15 -25 15 42 -7 -10 -1 -10 -23 -1 -39 -10 13 26 
-12 -24 -33 -39 -38 -22 -6 45 18 6 -13 5 0 -26 -14 -9 36 -45 -35 -23 3 47 3 -5 33 -4 12 13 -28 -33 46 -28 -45 
-43 27 -28 15 44 1 -36 26 -19 -25 17 8 17 22 24 7 -30 18 43 -15 -17 -13 14 -19 10 -46 10 18 -47 -36 -15 43 3 
-32 -1 -32 -3 -25 33 0 -48 -35 8 -40 20 -21 -32 -42 18 13 -6 -43 -46 -43 34 44 29 35 -11 -43 -28 -10 -6 24 28 10 
47 -36 5 35 -17 13 8 -13 14 -25 -6 -32 16 14 -47 16 -15 -30 -7 9 29 -7 32 -17 23 35 9 -9 -17 -27 -9 1 -7 
1 -36 17 -36 36 -20 3 -30 -7 0 49 8 38 6 -7 14 37 -9 -13 -43 -27 -29 26 -16 -12 44 -11 20 11 29 -43 47 -33 
-33 -26 46 -46 -20 -25 -10 16 0 -2 40 -29 -50 -25 7 25 -27 -17 -33 3 46 -8 48 13 -49 15 -39 -39 -12 -41 25 -24 33 
-28 18 23 -39 -6 48 -35 17 -25 -40 25 8 -6 2 -41 -14 -27 23 12 2 41 31 26 0 21 14 -8 -38 -47 45 -35 -25 28 
-44 -26 -42 -12 -7 23 -32 -12 3 19 44 -23 -3 -13 10 13 45 -33 -6 30 -20 38 22 39 6 -25 23 20 -39 29 -33 -26 23 
12 47 -19 45 -8 -4 25 -41 -19 35 -10 0 16 17 12 36 9 -46 17 17 -19 10 17 -46 -41 17 -31 -1 49 -17 -41 32 -20 
-16 29 24 0 41 -6 34 13 36 -44 -43 10 -24 24 25 -46 -37 -8 -4 13 -18 -49 -10 -1 42 -22 -47 40 19 9 -44 -33 38 
-12 -47 -32 39 15 -43 20 11 -29 43 23 14 -13 -44 -43 44 9 10 -21 -44 22 38 24 34 -43 -48 -36 33 -26 13 -35 -12 14 
-6 -28 19 -8 7 -11 40 -41 41 32 -45 -13 -7 -17 29 -42 -14 22 8 -12 -30 -30 -25 12 31 45 -49 12 -20 -27 -9 -9 -23 
11 4 46 -46 -26 12 45 4 8 20 -6 -44 35 -33 -43 -6 -32 -23 -38 45 12 -5 -47 28 -36 -15 -31 16 -1 -18 -25 3 -22 
14 -25 48 39 -6 19 -12 8 -12 -10 -19 26 49 24 32 -31 27 37 -20 3 2 -49 -19 -39 -19 35 -29 -8 -27 -50 7 -48 30 
-36 -34 21 31 34 16 -49 -1 13 -41 -28 -25 46 -27 -30 -46 19 7 -2 10 10 35 -5 -23 -48 11 8 -44 0 -37 -26 27 -18 
0 0 13 -18 -50 -25 -43 10 35 -32 -7 39 25 39 47 2 46 -34 -15 -31 2 -13 8 -21 25 10 -32 -26 49 39 -27 7 -2 
27 42 48 -44 -20 -5 -23 -27 -22 -4 -49 32 -1 -43 -12 -31 11 -34 30 -34 12 3 20 -15 35 24 -46 42 0 1 5 24 -5 
-2 -18 -33 -45 37 -2 -43 -21 -12 30 10 -33 28 35 -28 -20 38 -4 -22 7 17 -37 -13 -41 48 22 -42 37 38 -45 -3 -29 -29 
6 -45 44 37 33 23 -17 15 24 6 14 36 14 30 25 32 -33 28 27 2 12 -26 1 13 -44 -15 -19 36 -15 26 -4 31 2 
-8 -50 45 -38 -6 13 39 45 45 5 -18 -24 44 43 24 43 -26 21 -29 -13 -17 -47 -2 2 11 -8 -20 6 -33 17 -6 -48 -42 
2 4 45 47 -2 -37 5 47 27 -39 -9 34 34 -2 25 13 29 -2 24 -1 48 -1 39 -9 -13 13 -20 0 23 -18 39 -4 -49 
-14 -42 46 -27 35 -20 -24 -43 34 10 4 41 -13 39 9 46 -47 39 27 26 21 -26 -41 38 39 14 -43 46 -31 42 -41 -30 24 
-39 39 -49 20 14 -8 31 -16 33 13 13 34 -14 29 -39 0 32 -6 34 -21 -15 9 -23 26 0 -11 -15 34 -25 -1 27 13 26 
-6 -20 -47 16 -38 8 -41 -24 39 41 -41 27 47 17 -2 -48 47 -7 1 47 -23 -10 3 42 -30 -48 38 49 -28 9 10 -22 2 
-13 19 24 23 37 3 3 -20 22 -37 -44 1 15 -1 -3 49 -2 27 32 1 -44 -7 0 -46 1 20 -24 6 -36 -3 -13 5 36 
12 48 48 -7 -47 -5 21 -4 -47 34 -28 -18 -13 13 -15 -46 10 -20 -44 45 13 43 -46 21 28 -36 -40 -34 -44 43 -3 0 -26 
-10 -22 -27 40 -22 -34 6 21 -46 -28 -1 3 -38 -37 0 41 -5 17 -18 9 -43 1 11 -10 -43 3 4 -41 48 27 -5 -12 -44 
-40 -36 25 33 38 -27 32 7 -16 42 -14 22 39 -42 -35 -19 33 -50 -45 -21 45 13 -21 27 35 1 40 -12 -38 4 19 48 41 
47 -6 20 -17 -44 -3 16 -2 6 -32 19 25 13 -3 42 -12 25 23 -6 24 -29 -22 -49 28 -2 -35 -3 -8 -40 38 4 8 -42 
33 16 -5 -44 40 -29 0 47 -22 31 -48 35 -31 -21 -34 5 -28 36 -5 -26 -48 -37 26 30 26 -7 -45 27 33 23 -18 -44 -14 
43 -5 -20 -38 -5 -13 11 -30 13 38 28 21 -10 26 12 29 -13 -34 -14 3 4 37 19 41 43 48 -16 1 5 -13 25 23 -21 
15 13 10 40 -45 31 -37 8 -47 -29 42 44 -6 -10 49 45 37 38 -47 43 12 -19 24 -9 -49 -21 49 18 -49 42 14 42 15 
-26 -28 26 -32 38 34 -30 -46 -47 -41 -26 32 12 45 -40 -12 43 30 -50 32 -47 -14 4 -36 37 33 -10 -27 3 -13 -26 -30 28 
-16 -27 29 -22 -43 6 -16 -3 -48 -26 -27 37 27 -42 -46 16 -24 -42 21 -1 -36 -40 7 -10 49 -47 19 -1 -36 -38 41 -21 -5 
29 12 -5 -1 -32 9 -24 6 10 -47 18 -33 21 28 -50 -23 4 35 6 -43 22 19 41 42 3 27 11 -33 -26 12 38 -4 14 
23 -14 -7 -40 43 30 -48 9 -25 -37 -5 40 -50 40 -3 -49 1 -17 -43 35 -38 3 31 -32 -30 7 39 -3 19 21 -44 8 11 
43 26 -34 -9 42 -30 -34 -15 3 41 -5 16 27 -22 30 49 -2 -12 21 14 -37 17 -24 -8 -50 -43 -35 -50 -42 -11 -41 -44 9 
-14 -45 -27 1 13 -25 25 -5 -8 42 42 23 6 -25 13 9 -1 25 7 14 10 19 -27 -44 -44 -39 -19 -21 -43 47 41 -12 -15 
41 1 6 -21 27 44 -46 33 -11 27 47 16 13 -38 -1 1 -29 -5 -8 32 22 -4 -30 -32 -15 -29 24 -4 -47 24 10 -32 25 
-29 26 -49 14 -6 -15 7 28 29 -5 -19 40 36 42 34 32 17 36 -49 -25 46 -8 49 18 37 10 21 -49 27 -43 38 19 -38 
8 14 -8 -37 48 -46 -37 -46 33 -8 16 -22 -1 -1 -38 -36 -38 -22 36 15 45 24 22 -21 -12 -40 -45 -21 -27 -9 -44 11 5 
-30 -15 6 30 10 -18 -37 -30 13 1 -34 -7 -41 34 -19 -4 37 -41 -41 10 -28 10 -47 23 -15 39 44 -9 -44 -22 -26 40 -34 
13 -48 39 -28 -10 3 -11 -44 -13 18 -32 2 1 -32 -37 -40 34 10 -9 -30 10 -1 -17 12 45 21 34 20 -17 -9 18 -9 -36 
-35 -23 27 5 12 -20 10 -34 -17 26 17 30 9 38 -37 43 -36 18 24 -33 8 -21 -30 -20 16 15 31 46 -42 11 -21 -10 13 
33 -37 28 -28 -29 42 26 -15 -7 15 8 7 31 35 -24 24 -22 32 39 -35 -4 -1 15 -33 42 -30 -10 -46 34 -20 43 -36 -42 
29 44 -8 35 -35 -8 16 -47 -28 1 -12 -42 48 48 -5 45 -42 -33 -34 21 49 -8 19 6 40 29 16 44 -50 8 26 21 -4 
19 0 -16 1 -50 35 -21 -43 -8 30 16 44 43 -15 -44 20 44 35 -9 -18 46 16 -4 41 -18 -4 -32 -8 -1 -26 21 36 35 
40 -31 20 -15 -24 -30 -31 45 -6 -31 -47 45 38 2 40 9 8 10 41 13 10 -13 37 -43 2 -21 -46 -35 21 44 -18 -46 48 
-49 34 -46 5 48 32 39 -33 -8 10 34 1 -36 -38 -19 -19 -11 43 29 -47 48 17 -26 -38 -48 -4 23 -17 -2 25 26 39 -39 
33 3 -41 -10 34 40 -49 -3 -36 22 28 -19 24 34 -3 -16 19 -38 32 35 32 5 20 40 -13 15 48 -12 -15 42 -10 -24 -45 
-46 13 2 -40 -41 37 10 -27 25 37 18 -36 -13 -43 24 -23 44 8 31 -37 2 11 35 9 -9 -32 38 47 -50 -43 -25 48 -47 
45 44 49 -12 32 -12 44 19 -15 -6 -23 8 45 41 -31 -25 9 40 17 1 -12 36 -43 -42 2 -5 -47 -26 20 15 2 18 33 
32 -22 -28 -31 6 -10 48 32 22 -44 -19 1 46 -4 19 -33 27 -38 -14 23 15 -32 -5 47 36 10 -10 11 -8 -45 -8 -38 9 
42 1 28 38 -27 -11 9 2 -48 -26 16 -12 -35 -27 49 44 30 21 44 -10 28 44 -1 -44 -49 -10 -19 41 22 -41 -47 39 5 
16 -20 36 0 16 -18 -39 13 -33 4 -42 -36 31 29 38 46 -41 26 10 28 12 -38 44 -30 46 36 6 -36 27 -9 47 23 41 
47 -43 19 38 -47 47 47 -40 -41 -15 26 23 45 -26 -3 -6 39 42 9 7 -28 -24 -42 -18 -34 41 -48 -24 7 13 -19 17 3 
1 27 -40 -37 38 27 33 34 -23 -38 7 10 48 31 39 -35 19 22 1 36 -9 32 2 16 35 34 14 27 40 22 -6 -23 7 
-37 20 20 -40 -16 -18 -31 9 -8 45 4 38 -7 -41 -23 -48 -5 -2 0 45 38 -42 49 -45 38 17 -15 -43 22 -22 -15 -44 11 
24 4 37 11 -17 -17 38 17 -41 11 -13 -14 -36 -33 23 36 -30 42 -9 -50 -45 -49 -25 -27 -7 15 15 18 -13 -5 -33 -32 -25 
-6 14 -38 -35 -42 19 16 43 18 -7 42 -20 -22 -7 30 18 47 -31 40 11 24 39 18 -18 -42 -41 -31 23 26 37 9 -28 -20 
-6 -45 -30 -12 -44 -23 16 -18 -23 -10 18 44 -11 40 12 35 -22 -34 23 -7 36 -26 -44 -15 20 -29 -31 -44 -35 18 21 12 38 
2 24 -42 -9 37 1 -5 -18 -15 -35 -21 -13 43 17 29 39 -42 12 34 30 -25 20 10 23 41 25 43 -4 -41 -47 -49 30 5 
33 -28 38 39 20 -11 -19 11 -33 -44 33 21 1 -46 32 -32 40 11 20 44 8 15 -16 -7 -30 36 14 9 0 -43 -23 34 -13 
-50 -15 -25 -8 28 -3 13 43 -1 12 8 -3 43 -40 10 -11 -28 -49 42 -6 49 38 -26 38 -33 6 -45 -6 29 12 -47 -44 -29 
-3 13 1 16 -17 -3 -35 -16 19 -20 -1 26 -49 -6 22 20 38 11 8 -32 17 49 -28 23 -27 26 -1 33 -10 48 -2 -4 10 
34 -1 -44 46 34 21 -26 -44 -45 -27 -29 22 -8 -17 44 -26 1 -12 28 -25 -12 36 -22 18 1 43 7 -40 -27 -20 41 3 -3 
2 -39 -49 49 47 -13 31 35 14 -48 17 34 -33 -12 22 47 -4 -43 -15 -18 6 26 -46 32 22 24 -11 -25 -46 42 -8 39 27 
7 22 4 -5 25 -39 -4 -19 43 -33 -50 -16 -20 -13 22 -34 18 -46 -12 43 12 -32 -13 -4 28 -26 -5 -12 -45 39 39 -48 42 
-30 -50 -35 -23 2 24 4 -42 -39 27 -7 -32 17 48 -39 -24 -32 20 -47 -32 21 43 -42 -34 35 36 34 -12 42 25 26 -46 32 
-33 -26 -13 -15 -11 38 -25 14 -50 34 -13 31 -11 45 -29 11 -8 -39 -18 44 -13 -34 20 43 -6 -12 -32 9 33 -7 26 3 -36 
20 -18 47 -34 11 15 31 -39 31 27 21 -13 -23 7 -8 44 -25 -43 -18 -45 -23 44 3 -3 -2 44 -15 -20 34 -13 -32 12 -16 
-20 -33 -20 -21 -3 8 3 24 26 -8 32 -13 -40 -29 6 16 -46 -49 -8 -16 27 34 30 -36 -16 -39 -7 23 -3 2 -24 31 47 
-2 30 30 47 -40 9 34 -19 16 -9 2 -23 -29 12 22 17 -30 -47 37 -39 21 44 -6 -24 -2 -24 38 -48 6 -18 3 8 0 
-4 20 -9 -1 9 -37 -29 -23 -27 -21 39 37 18 47 10 -28 6 -6 42 -33 48 21 -40 32 14 -15 20 36 -16 -2 -33 -28 2 
1 26 -6 -6 -36 -2 -2 0 -24 -2 36 6 25 21 -40 0 -26 1 1 44 -49 -37 6 34 6 36 39 -34 -42 -45 22 49 -39 
-12 33 48 -26 16 7 42 -18 10 -39 -6 42 18 -21 22 -4 8 43 -30 45 -34 -27 -24 -28 -23 -49 38 9 -14 -33 16 -16 -23 
31 20 -25 30 45 -25 21 -33 -37 -46 -3 -40 48 44 10 1 36 18 -20 1 20 -8 -9 -48 5 6 -42 -6 27 -37 -45 -32 29 
-15 1 36 -44 -42 13 -4 -17 24 -26 24 -8 -21 -33 -47 -20 10 10 24 -16 43 31 -29 -15 37 -3 0 -35 27 -12 -29 22 11 
30 46 -9 -9 -21 31 -47 34 36 -26 -21 18 -17 44 -31 -36 9 39 1 4 -5 -14 -33 -40 -2 -24 -46 -13 0 -36 -5 31 32 
-8 10 -46 37 2 24 43 -35 -38 48 33 6 -47 16 -40 0 -26 -50 28 21 -49 17 -2 -20 18 2 4 -28 -36 -4 -28 -19 -39 
15 -28 -27 -18 12 8 -44 -44 48 36 48 34 -4 -32 18 -28 -13 -22 41 -48 30 35 -15 5 28 -20 -17 23 -44 -14 43 -42 44 
48 -31 -21 -45 8 21 -21 -34 24 -43 37 -30 -6 -47 2 5 -6 21 -18 -48 -49 29 -30 -44 -35 44 -4 -32 -42 -7 43 13 -38 
43 36 42 -13 -12 -24 -1 32 -23 -45 -7 33 4 48 8 -4 -6 37 -13 -45 -18 34 -13 18 -31 9 15 30 27 28 11 6 10 
-33 -4 -15 33 -25 -50 -23 -48 48 43 10 23 -18 3 -15 24 49 -31 -18 -39 -33 29 12 -35 -44 -30 9 17 45 34 17 14 -46 
-45 -33 -19 28 28 17 -41 43 20 -24 10 -5 7 -32 -25 -14 15 -3 -2 -3 -7 30 43 -30 -4 -40 23 -23 -15 -21 -30 18 -49 
-4 6 -33 -47 -38 4 -22 -46 47 13 1 -25 34 44 -49 -28 -10 9 38 36 0 9 19 -18 -19 17 -34 40 -50 -8 15 9 28 
-3 -17 48 -40 28 -49 -10 31 32 -38 8 13 21 21 37 -17 27 -16 17 27 6 39 7 -9 23 -34 -48 -32 -13 36 -23 12 -37 
-14 -23 -27 8 39 -30 33 11 31 42 -49 -28 -28 41 24 -38 24 9 29 -30 5 4 10 45 -10 13 16 -33 15 22 -37 -14 34 
17 7 -22 14 -6 -16 -18 12 -44 36 19 -48 30 -13 12 30 -49 -31 41 -6 -31 19 4 1 -45 23 -28 -22 9 -47 8 12 12 
-18 44 24 -18 45 22 28 2 34 -12 45 12 14 19 -42 -4 20 23 -45 -15 -11 -34 -47 49 -41 46 -2 21 19 43 -13 49 24 
-23 16 45 -30 -43 25 10 23 -31 38 -16 37 45 -12 36 -32 -15 -30 -43 25 20 12 11 10 -6 47 35 -44 -3 -19 25 11 44 
-24 -13 9 -36 -3 9 -38 -48 21 34 14 33 15 34 8 -7 -9 20 -11 31 -29 -38 -28 -46 -3 18 -44 -15 0 40 27 47 26 
-31 -26 -32 -3 -22 16 -8 -48 41 3 38 -39 -5 16 -16 44 27 7 -19 6 30 16 31 -5 27 40 38 5 37 2 -47 -9 7 
35 -25 -7 31 32 -23 -36 42 -13 38 -8 34 45 -9 -13 25 -1 4 13 -18 -6 30 -46 -22 -45 -26 12 0 -22 -6 30 44 -6 
11 -23 -12 -34 -41 20 28 -21 -48 1 4 26 -24 17 -49 11 46 -24 30 38 17 -5 6 -23 20 -47 18 10 2 -23 -23 -17 11 
-12 -18 23 22 -42 -16 -50 20 31 -36 35 -28 -34 33 -11 37 30 24 -47 30 -33 44 43 -8 16 -9 -5 5 30 29 20 30 -9 
17 13 -14 -16 -15 4 -38 12 -49 -7 -24 2 -46 36 -44 -36 -46 -6 -33 33 43 19 -18 -28 22 -25 35 -37 49 -5 6 -30 -32 
30 -1 -29 -4 -30 14 -6 41 -37 -17 33 23 17 -5 22 -16 -43 30 16 48 31 2 -49 24 41 -48 46 4 -49 -10 -43 -45 10 
45 -33 5 -30 28 14 -19 25 20 -2 7 -5 34 -36 -13 19 14 47 26 3 12 -5 -16 -10 -16 23 23 -35 -50 44 -28 36 36 
20 -41 -6 4 28 27 32 -19 10 -5 -10 29 -26 -26 -2 18 27 34 -50 21 -28 -5 0 24 -24 -6 -28 2 -29 48 -36 21 14 
-37 -14 26 44 -19 -49 -43 -14 34 19 -44 -49 3 29 -28 24 -9 -16 -49 36 -7 -42 -38 -12 -44 36 -22 -35 26 -34 -22 36 -24 
-43 27 26 8 -6 8 7 -3 -40 -29 -47 -5 -15 3 14 34 -23 43 -42 17 0 -9 10 10 17 26 43 -12 27 -16 -21 -17 43 
-47 -47 -41 49 22 -4 -25 -13 46 -14 -44 24 7 37 27 -2 -46 29 -17 -29 0 31 47 -32 -22 -27 18 38 -16 3 27 40 34 
-2 16 -15 23 44 25 36 37 11 26 45 8 40 25 42 18 -38 49 -6 -25 -21 -20 -28 11 -25 49 -29 20 40 9 13 16 13 
7 13 -1 10 -45 34 12 -25 21 -43 -34 5 5 -35 -7 -11 8 -31 -26 -50 48 5 -13 -11 -19 -21 34 -10 17 45 -7 -26 -35 
-42 -30 -41 -4 5 -40 48 -5 -50 5 -50 -30 -12 -23 -6 3 -23 16 39 48 -28 -17 42 -7 -47 33 -12 -2 -12 -25 9 -34 -13 
-12 -41 -23 -31 47 -20 -17 -41 49 -36 13 22 24 48 7 41 -16 -49 -37 -28 -8 -17 34 1 -12 44 24 18 -12 -35 -43 48 -27 
-22 41 7 -10 48 19 29 -45 6 49 11 1 9 -25 -35 0 23 6 2 -44 45 -5 8 -27 32 25 -24 -25 11 27 -35 -26 23 
-35 26 -10 -24 -16 -18 -27 -30 -13 24 -13 -45 -3 -39 11 -3 -23 -20 -35 13 -23 -32 -9 33 18 -38 23 0 -29 -25 9 -28 8 
-38 -39 -20 -39 21 -40 22 -41 -8 -48 15 9 -10 33 17 -33 -40 -43 -6 -16 -8 46 -5 -50 2 -26 5 -38 25 24 3 -41 -16 
1 24 42 26 1 27 -16 39 39 9 17 19 14 -35 -7 21 -42 -17 -5 -39 38 5 -49 -10 -17 -11 -25 7 -31 -35 -38 47 -11 
27 -35 -46 46 25 11 21 12 4 34 33 2 23 -42 36 35 -45 -2 41 35 -48 13 41 18 -37 -37 -6 22 -22 -16 7 21 30 
-32 8 -19 -44 7 -45 -49 -42 18 23 9 -19 -5 40 7 47 22 7 5 -3 -15 36 -33 -6 -15 -35 29 29 49 -20 -28 -43 -1 
-32 21 -37 1 16 -20 -19 29 -39 47 -39 -44 29 -20 -25 35 -21 12 -2 7 49 -34 -33 39 16 36 12 11 43 -28 -44 47 -5 
13 -40 -24 -23 -21 2 39 -5 -8 -45 20 28 37 11 44 -46 -11 -45 -26 -17 -36 -42 -34 -16 -50 21 -29 35 28 23 7 23 7 
-3 9 -32 37 37 22 -14 -11 29 -13 24 10 14 34 43 -38 -30 6 35 -5 -9 12 20 14 21 -4 -11 32 -23 -15 -29 14 27 
-37 -45 -4 -11 -3 41 -24 49 18 29 15 -2 -40 -1 -36 -19 17 31 -28 45 1 16 38 -20 40 -32 -44 24 -46 28 -22 6 -37 
-42 45 48 -10 -24 30 17 29 -45 16 -43 23 -12 -44 30 5 -10 -36 -14 25 48 -39 1 47 -40 24 -14 36 36 -21 -39 -43 -4 
-43 20 -34 -48 -8 39 27 3 -38 44 -9 20 28 -41 -2 -40 13 32 -46 -35 -45 -38 -46 17 41 -24 -45 42 25 -46 12 13 -14 
34 -4 44 -4 -8 -23 8 47 31 11 -49 10 16 -23 -46 16 -44 -33 -38 24 -31 21 -48 25 25 -25 -25 -8 -17 -7 -15 -30 -26 
29 -32 -16 19 -34 -6 16 -27 35 47 24 -13 49 7 -14 14 -22 48 40 39 -37 -28 45 -17 -30 6 20 17 -49 13 -41 40 -48 
-11 -9 38 7 -50 29 16 25 -14 -4 23 -21 19 14 -15 -21 -27 40 -12 -11 13 -10 20 23 -13 -15 -36 -5 -41 -45 19 -42 46 
-16 -1 4 27 -37 -10 46 -40 -19 15 -45 -49 43 35 36 4 -10 36 30 -28 22 -38 -16 46 -44 28 24 18 8 21 18 -41 1 
-9 48 2 -24 44 41 -33 -33 24 -12 26 -1 14 -14 10 -9 7 43 40 27 14 18 24 39 -44 31 7 20 4 -27 -7 -27 6 
23 13 42 -18 24 21 41 -22 -17 -40 21 -9 44 49 44 -8 -29 5 35 -21 -8 4 -29 -2 -4 8 2 17 7 -13 32 4 -25 
-38 -17 28 -49 13 25 45 -37 -35 -35 -42 27 48 11 -12 -13 48 -4 -32 -18 18 21 -32 -42 -4 -14 -40 43 -3 -22 17 -3 44 
5 -11 -13 12 2 -8 -19 -18 3 -41 34 19 -6 -5 -17 44 36 -48 6 39 -45 -13 46 12 -48 -48 45 -13 39 12 16 16 -5 
-38 0 -4 -44 -7 45 46 -45 -11 -37 -17 19 -19 46 -35 37 -12 22 -46 11 15 11 -17 28 35 -45 -34 -21 26 9 -3 -43 32 
-31 -40 -29 -10 -14 -14 25 34 -10 3 -16 -14 48 12 -42 -15 26 27 -49 11 34 -27 -10 35 14 -43 -6 -33 15 -33 -26 -36 -22 
37 -36 28 -8 25 -3 -40 -36 -9 15 17 -42 -24 43 36 -9 -1 41 4 14 2 -34 -3 45 25 8 43 28 -1 -16 49 21 45 
13 -46 12 -49 39 -40 -23 -33 6 19 -36 13 16 -8 -4 -7 -20 -37 -24 -45 -4 21 -26 -20 18 -30 0 -37 34 -6 -37 -25 -33 
22 -18 -24 -33 -26 24 0 16 -24 -18 7 -47 19 -37 37 -4 -10 4 -25 -27 27 1 44 -22 -37 41 26 24 -38 -21 31 -29 -14 
-39 45 46 -35 -22 34 -31 4 46 3 10 -25 17 11 17 -43 1 -29 3 18 3 -47 -19 8 48 -23 3 34 15 30 35 4 -30 
-7 -42 -49 -18 -45 -11 -9 -45 8 27 -34 -8 -32 -29 42 -1 5 39 23 -40 49 -16 -5 47 38 -35 -22 -41 31 4 2 49 -16 
32 30 25 1 32 -40 -41 23 24 -47 32 -25 18 -44 19 -21 -10 19 -5 -42 41 49 -14 24 -9 14 -24 6 -13 13 32 47 -19 
-41 31 -17 -14 41 3 43 6 -17 -47 9 -50 14 -27 13 38 35 -27 -20 -26 -35 37 11 9 -50 -34 40 -41 -32 10 1 31 46 
-33 25 -29 -4 18 -40 23 26 41 -7 -9 37 -4 -7 21 26 -3 -39 2 45 -41 -28 -4 13 -28 -40 27 -27 -39 30 28 18 41 
28 39 26 -4 -42 12 32 -37 -5 -3 45 -19 1 -10 -37 12 -41 -24 19 40 6 -22 16 47 6 -3 34 26 -21 -37 -7 -30 7 
10 -34 -13 -14 -42 11 -43 -9 -8 -3 44 -24 44 1 37 10 -50 -4 25 41 -4 -4 46 -5 40 28 32 -49 12 1 -26 19 1 
26 -40 19 -9 20 0 -26 29 -45 -8 -9 1 -47 -3 -40 39 -16 14 -2 -25 34 38 -42 28 -33 32 -18 -38 31 16 -34 -6 12 
46 25 -39 42 43 11 -38 49 -43 -27 -8 -17 -8 3 -41 -9 -2 -36 -46 41 26 -1 -3 35 37 1 -45 -9 -31 -2 39 6 -33 
5 30 -24 14 -18 -24 -20 -40 18 29 7 -3 -26 -42 1 -42 15 20 8 23 -26 47 -49 12 -6 46 41 40 39 14 22 -37 -19 
48 -27 47 44 24 20 49 -21 44 29 25 22 16 -3 -31 -40 47 14 -47 44 -18 37 16 -48 39 -8 -18 27 -31 12 -29 -20 -26 
6 -20 -32 -11 -23 -9 -30 13 4 31 5 13 32 -8 -34 -14 24 39 -48 -34 -49 -2 16 18 13 -45 44 46 34 -49 -21 20 36 
-3 34 -14 -41 -17 -30 -36 45 -20 -3 -7 -34 -50 -3 -27 26 -14 -49 -1 -10 30 -36 -13 25 -10 -50 -41 -22 -50 24 -22 4 -13 
-33 -35 -19 40 -16 -27 12 39 46 -32 -45 -48 -22 24 24 -31 -29 -23 18 -25 -37 -38 -2 28 -17 -17 -26 41 -46 -8 13 -23 6 
5 -8 -29 -22 0 -43 -15 -21 -21 -1 2 27 -25 9 37 -10 0 -30 -14 -23 12 24 48 -39 -6 -48 23 -30 -14 13 -27 -37 -14 
-20 -24 47 18 -20 37 36 -32 29 23 27 6 -5 13 -4 -39 -48 42 -33 15 -15 7 11 -1 13 49 -33 32 10 48 -34 19 1 
10 47 17 4 20 -35 -23 -17 -32 -49 49 -24 30 -48 22 -30 44 -16 36 11 32 6 -28 28 -1 -35 -14 26 24 -12 -50 47 21 
-5 34 39 -2 31 12 -1 8 5 -48 41 -8 -30 -23 1 -17 45 -8 -13 -8 29 20 7 40 -16 20 42 -7 -24 -46 45 -22 38 
-6 -21 -22 5 11 -14 8 -12 -25 -42 10 38 -48 29 -24 24 41 -46 -2 -24 47 24 32 5 22 -15 -49 27 7 32 45 16 31 
5 41 -29 44 23 -9 24 -34 18 36 24 37 1 -1 -5 -35 1 -1 -45 -42 -4 -39 -1 -7 9 40 12 -50 41 -27 -2 31 -48 
6 -6 49 -40 34 38 -50 -1 -32 5 -9 7 -21 21 -14 7 -13 -49 19 -29 -36 -30 -49 16 39 15 -11 41 -29 47 29 10 2 
-19 28 47 8 -23 1 -1 -33 5 1 1 4 -33 -18 2 -39 27 35 -31 44 15 -3 -36 -30 -4 29 -21 39 -45 40 17 -35 -16 
15 -27 6 -15 49 -1 -20 -10 25 44 -45 -48 12 40 -42 24 38 -19 18 -7 16 -6 -39 0 10 -2 36 7 34 -29 -30 -1 -23 
30 -20 39 -4 -29 -47 42 -18 0 -32 28 16 -45 -7 -4 29 1 -31 -44 2 5 14 -26 1 9 6 -46 22 13 33 3 14 46 
-31 2 36 3 -26 16 -8 1 3 40 -18 -28 -49 -27 38 -45 -1 -47 5 -20 38 -50 36 1 -42 -32 -32 -50 11 -17 -10 17 -26 
-30 -29 6 8 -19 7 -18 -26 -5 -18 34 27 -1 31 12 -32 -41 -12 -46 -48 -31 -47 26 -12 21 20 -35 4 4 1 -22 -50 -32 
23 41 -42 -48 11 17 -8 -7 36 39 22 -40 2 40 -3 14 -37 16 -23 -18 -50 -24 47 -18 6 33 15 -27 43 -34 10 15 -5 
-7 -30 -47 20 48 -45 30 16 -31 -20 -46 17 42 -42 -17 -11 43 48 -11 -39 42 12 6 2 -20 25 14 12 -11 26 -45 7 27 
-7 20 -50 -48 -49 -33 -30 -39 48 -40 -33 32 -14 25 12 28 -33 31 49 -10 -14 -14 -32 -16 17 -41 37 23 -43 -35 -9 -30 22 
2 -19 13 -38 -13 2 39 -50 -1 -21 16 2 -4 -45 22 14 -5 13 -14 26 36 -20 45 -12 -15 -28 16 -45 -21 31 -7 -46 -42 
30 46 21 39 -40 43 -16 -30 47 -21 -11 -20 -6 -9 -22 13 15 -1 16 35 -5 -15 6 47 46 15 -35 -36 27 -41 32 -8 -29 
-23 -41 29 44 37 -13 17 -38 5 16 -10 -15 -7 -49 -39 18 37 -41 -12 -13 39 42 13 -16 41 19 -23 -41 49 2 21 -14 -40 
-7 31 -33 36 6 -35 12 -18 -21 -3 -32 34 0 -4 -18 7 -13 -3 9 2 48 28 -28 -50 -28 -28 -9 -1 -48 4 49 24 -34 
41 -41 41 -9 13 -11 33 29 -30 -36 -25 2 -19 -1 -9 -10 25 34 -17 45 47 36 2 41 32 35 -39 -21 13 38 -35 -24 -15 
34 -24 2 41 45 19 -22 -29 -25 -5 -28 29 -3 35 9 28 16 -50 33 -26 26 25 -3 -35 20 11 -17 33 -41 -13 15 -47 -50 
-19 8 5 36 5 -9 -42 -46 32 -1 -37 -36 -40 15 -41 -11 19 -20 -46 32 -49 1 12 -44 8 43 23 22 -11 -4 -39 -47 -16 
17 -26 14 -44 -40 -17 6 4 -17 47 25 -46 -35 -3 -29 29 -4 10 5 47 41 -28 -32 33 44 -9 30 48 23 -49 34 0 8 
-5 -36 11 0 -7 9 -47 -9 29 2 41 46 18 -36 -30 36 46 28 -46 -8 37 33 -45 -27 22 -10 -28 27 -3 -32 30 37 -8 
-32 41 16 -36 1 -32 3 34 48 -16 -4 -10 15 20 -42 -25 -13 12 -10 32 -27 -45 -33 43 -28 9 25 -2 13 27 -30 -30 -21 
-43 4 -36 28 -32 5 -7 20 13 -21 14 24 44 -6 24 -3 33 25 40 30 12 -39 30 47 -25 28 19 40 32 41 8 10 4 
-49 -7 20 48 -10 22 0 -38 20 13 3 -10 21 -7 38 -4 46 41 23 49 4 -33 15 -46 -31 47 -27 40 -38 -34 -25 -34 33 
44 -9 -37 -43 -22 -26 36 -37 -24 16 29 -49 -34 -42 -45 -40 8 23 13 16 19 44 -31 7 34 -20 -38 -50 -19 -44 27 -13 37 
-29 -14 47 -36 -40 42 43 18 7 -13 39 36 37 28 -3 8 -48 -31 24 -7 34 13 23 -40 -19 33 -36 -32 -5 11 37 22 35 
-26 43 -8 40 -42 -43 -17 4 -30 -18 -26 -49 -28 9 -27 -23 -31 -35 -22 18 14 -43 -34 12 38 5 -13 6 41 -34 41 11 40 
-1 -9 29 30 20 -25 -49 -25 -17 -3 13 15 41 -41 -50 -47 -22 -31 26 4 4 -45 -43 17 45 -21 -36 14 47 -31 7 -17 43 
-4 6 -24 9 -37 4 -46 -49 -37 -3 -47 -3 -13 3 12 16 10 -45 18 -47 -8 49 30 -1 -9 13 -6 11 -29 15 22 48 23 
-47 46 -12 38 39 6 38 46 -20 -47 -32 -28 -48 24 34 -11 33 -38 -21 0 2 -12 20 -49 24 49 11 42 7 -8 -10 -35 -19 
32 48 -39 13 -11 3 30 35 16 2 -13 29 -13 -3 -29 -43 -26 19 -33 -19 25 3 0 7 -49 26 6 7 -46 -48 24 34 -8 
1 -22 28 -23 43 41 0 -50 -23 39 14 -14 -23 -33 -15 35 -36 41 -33 -9 -47 20 1 39 -7 -21 19 -48 -5 -45 -12 24 -47 
-29 10 -1 -35 -11 17 31 -14 24 35 -7 17 -35 11 -11 31 -1 -46 -9 -22 9 11 -41 4 42 -36 -50 -18 15 19 26 -3 48 
25 -29 -19 -10 -12 -29 -12 2 5 -5 5 -34 26 -44 -40 12 -12 -47 -39 7 39 -43 10 -30 -24 -37 22 -22 -33 32 20 -25 -5 
-7 -19 6 -49 -50 -7 -2 -50 -26 35 13 -15 -45 14 -20 -5 -16 -6 -35 22 -50 -16 -37 40 -36 27 27 -28 15 -37 18 18 -48 
-41 47 41 -45 37 -9 -21 -44 40 -2 -18 43 49 -37 17 18 10 -21 28 -42 -43 -14 -7 -22 -48 -10 -25 -50 29 33 -20 -42 15 
-36 -43 7 -19 -7 -15 -38 -5 -47 -32 -19 11 -50 13 5 13 25 25 36 -46 -2 13 11 25 -24 -22 15 -28 -26 -20 5 -6 22 
-31 30 9 13 6 -8 -19 -41 -1 -38 33 -7 -45 -18 -18 -44 -22 -19 18 -49 -30 -5 -16 36 18 24 8 23 -2 38 12 28 8 
-12 -4 14 36 -30 -11 7 26 -11 46 2 34 41 6 35 -47 -14 -46 -6 -26 -20 34 -34 32 -38 11 -45 -34 -7 -8 2 38 8 
-25 28 10 39 13 -2 -29 -3 -4 19 -12 -10 -23 6 16 17 -10 2 -9 -32 -38 7 -46 17 6 -25 -4 21 -2 45 23 28 -35 
44 15 28 -7 -21 -18 -43 27 43 36 28 -2 -10 25 10 9 15 -36 49 -11 -22 -14 13 15 14 -16 32 4 -5 27 -18 -49 13 
-11 -46 39 42 -23 46 36 39 -50 37 -23 18 14 -29 -12 -2 -11 -3 -50 11 -9 10 -18 32 38 -16 -13 -22 42 -21 32 -17 -49 
-50 0 -9 37 -24 47 29 47 19 -37 -34 42 43 -42 9 -26 40 15 15 36 3 -25 -47 -46 22 2 26 33 -37 -27 -38 -31 7 
7 39 10 27 39 36 -39 -1 -20 -9 -32 1 -24 7 47 -36 -4 41 -49 -39 -16 -42 -28 14 7 14 -46 -23 -42 -49 -9 0 21 
13 -24 -13 -20 37 41 -15 -41 -8 -14 30 -43 -27 12 -32 -18 -43 -1 20 28 26 16 12 -30 -34 34 43 -38 17 17 -12 -47 18 
48 7 36 10 -13 -28 37 13 -13 46 -30 21 29 7 -35 40 8 -48 9 -3 -5 -13 -32 14 30 -25 -14 17 -5 -44 49 -32 36 
-20 21 -10 -20 -22 -7 10 -41 36 -22 22 -30 22 -20 8 6 1 -40 -28 27 32 -19 -29 -4 -34 -47 38 21 36 29 -43 -14 2 
11 -23 -18 -31 -20 -48 -6 -6 34 45 -13 41 36 -36 -47 46 -32 46 -46 -40 0 28 -10 40 44 -4 -24 16 -10 -7 4 1 -25 
-4 39 34 -11 -50 12 10 14 -16 20 12 -20 17 -27 -32 -23 43 26 0 -46 17 30 -7 30 35 -46 -28 36 22 -32 45 32 2 
13 -19 -43 29 33 -15 17 33 22 34 5 -43 -42 -13 -43 48 -19 39 14 -13 6 24 8 -8 -4 -5 -26 -26 16 37 -33 -21 14 
-27 -44 -44 45 -17 -32 44 -9 -36 7 -49 32 -9 34 -24 -31 48 -43 -7 -31 35 -3 2 -1 -34 25 -44 22 -13 16 4 32 -44 
-31 11 -35 -24 -18 27 12 39 -11 11 15 -28 -44 -33 24 -18 -30 39 34 -4 7 -11 1 22 -24 -47 25 33 42 48 45 32 17 
-46 -25 36 32 28 -46 21 -5 -38 -36 -42 32 -42 -39 22 46 5 -45 -16 39 14 -4 -24 -4 -8 -7 -8 30 -21 -24 -46 -37 -14 
28 6 45 15 -37 22 15 35 -3 12 -6 -20 -20 -36 17 -16 -21 43 -17 24 -14 -25 -44 49 -2 -21 23 25 29 30 12 22 37 
-1 -22 -14 -31 8 -30 14 36 -29 -3 -7 -7 -8 -10 11 -46 -48 -9 31 -3 -26 -31 41 -24 -20 22 43 -40 20 7 -46 -16 -1 
39 -33 -13 33 31 -12 -5 -29 17 49 -4 42 14 3 28 -3 -34 44 -36 20 23 -34 -9 49 19 20 41 3 33 -45 15 22 -37 
-18 45 3 3 -40 -40 20 -5 33 1 37 -24 -49 13 32 -27 -2 -26 46 -23 -2 -21 47 -39 33 -44 48 -18 4 8 -41 43 9 
18 -24 -31 -22 -19 -7 -45 20 36 -46 -27 27 -47 46 32 21 29 4 36 -7 -28 -30 -12 -43 41 40 21 29 9 -32 -6 -6 36 
-4 -17 -33 -28 8 17 -49 -23 -11 -28 -21 -39 -33 -46 5 48 -34 39 46 -34 14 29 28 12 -15 -45 3 -39 43 -12 -24 6 -35 
-27 30 -20 43 -12 -11 16 26 -46 4 43 -10 7 -29 -5 -45 -29 1 -6 -17 40 42 5 7 -1 -28 4 -15 -41 -44 20 -34 -20 
-49 -15 -45 0 -2 -7 1 34 5 -24 -15 -16 -2 -46 -47 -45 46 14 12 28 28 1 -44 -26 3 -18 26 25 -40 18 -30 44 -45 
-1 32 10 -34 33 33 5 34 -31 -50 -31 31 -11 22 -44 46 -9 -22 -2 -31 -38 -6 -25 -3 -33 38 -34 15 -12 2 -16 13 -2 
33 -2 46 6 0 31 -16 -8 -38 1 37 48 15 46 44 18 25 42 49 -31 -25 -29 8 -1 28 -17 34 3 42 -7 9 -6 -44 
35 -19 33 -36 19 -2 19 -39 13 16 -8 -32 0 -4 -47 -35 6 -23 -13 -31 -27 -37 -18 -26 4 -1 -19 18 2 3 27 -37 -18 
47 19 38 -50 24 -48 27 24 -4 -1 -28 -26 3 22 18 1 -8 -9 0 30 -29 20 -10 44 17 -41 13 -16 36 5 -41 -42 45 
-17 25 -25 27 -3 7 15 -2 30 -27 29 -24 48 3 21 -42 40 -50 34 14 -19 25 -20 24 -10 -32 -13 23 36 16 40 6 24 
47 -41 14 -11 -45 22 37 -38 -35 -3 3 -14 10 -9 -28 -20 13 -16 -42 37 -34 7 17 -28 4 -34 -40 24 6 27 -14 28 42 
1 37 -41 -43 36 25 17 -35 -14 21 -6 -35 -46 -47 34 43 17 -21 -48 39 -50 -45 23 -1 13 -12 42 44 -24 41 26 8 46 
-39 45 6 -23 35 -27 13 -22 40 23 -35 -21 21 -27 42 -20 -40 27 -34 20 22 -27 13 -34 -42 24 -25 3 -16 34 23 10 -7 
-22 -3 -45 34 16 -39 -4 -13 29 9 -7 -47 -9 -33 -6 1 -40 12 -46 3 4 0 34 -33 7 20 11 27 47 -13 16 21 22 
-40 -37 -50 20 -12 -30 -5 -40 35 -19 -45 23 -39 18 42 49 -23 -20 -27 -22 26 -32 21 28 29 -36 -32 -21 22 29 9 -27 -39 
-4 -24 4 -45 4 46 4 45 -18 -2 -43 -10 -11 40 -44 -39 49 -32 9 17 -11 42 18 -38 -16 45 -7 -34 -12 34 -5 -26 -36 
27 40 47 8 -37 9 -16 -3 43 -3 -32 15 26 11 -28 1 -43 -44 -21 32 -7 -24 13 44 49 -34 49 -30 -49 16 37 -29 -49 
11 -3 35 -50 23 -36 14 -20 27 32 11 -24 41 17 -26 30 -37 40 35 15 36 44 47 36 -12 13 30 25 -35 27 14 24 19 
-40 -25 -44 -37 33 12 -36 48 6 1 -22 5 42 -15 46 22 18 42 31 -39 -12 19 -45 4 -41 -39 -34 -36 -9 9 47 15 47 
32 40 39 -25 -4 7 42 -34 -49 1 -35 -7 -15 18 -27 48 -26 -31 -22 -15 -28 -15 -30 6 31 32 -26 -21 -1 -49 -37 17 42 
7 0 45 25 -14 42 -28 -6 20 -24 -10 -24 -4 40 49 -41 10 -15 -29 -49 -1 27 28 47 23 20 -23 -16 29 -21 -13 -12 3 
-45 1 -48 4 28 -25 -19 -40 30 -13 22 15 -37 30 32 -27 9 -10 16 -37 29 15 25 -19 -44 6 -10 36 -8 -11 -10 -42 -18 
5 20 26 33 -24 -7 -12 15 43 8 -21 -38 -13 -34 -10 10 -47 -46 -25 -19 12 22 32 -28 -38 -6 -16 48 47 45 44 23 17 
26 10 31 -37 -7 48 19 49 10 17 10 32 44 -27 12 -22 46 -41 4 19 2 -24 -46 37 3 -15 -24 -35 -11 -25 -48 43 30 
14 -12 12 47 -36 -38 -30 27 20 -11 32 -9 -21 8 -17 -9 -3 -35 -48 0 27 -8 -2 47 12 -15 6 -35 -19 -21 18 11 -15 
11 -17 -4 41 32 -26 19 -27 36 -24 3 7 -48 -11 18 -29 -17 -50 -3 -25 1 14 10 -4 1 -16 -10 -30 7 -19 5 -32 -41 
-41 -45 22 14 -3 0 22 -32 5 -17 -30 1 -13 -26 25 -8 39 9 23 0 22 -31 -35 33 29 -45 -44 -24 9 45 2 10 5 
44 -32 22 -22 8 -23 -49 -23 43 -10 -25 -25 36 25 7 -7 -37 -48 -25 32 -40 -24 6 -3 -7 5 -11 -18 47 -13 -17 -22 -35 
45 9 -5 7 42 -33 4 5 37 31 47 0 5 -41 45 -41 -47 5 -48 -26 -20 -9 -38 43 -44 16 16 23 -48 -46 -17 15 -29 
-12 -42 -18 47 -22 -44 -10 -9 -17 40 -11 -12 30 -21 -30 -38 6 32 -8 -47 11 15 18 -38 -40 -38 -29 -12 11 47 -23 38 41 
20 12 18 34 15 -31 -26 21 -42 47 31 -17 30 12 -4 -42 22 -47 4 36 35 38 -15 21 45 18 11 22 -15 -35 48 -18 -3 
-1 10 -6 -9 47 -8 23 41 -20 49 -6 -44 40 13 41 44 22 36 -47 23 -2 -32 0 -10 -22 1 -25 28 7 -17 -46 12 32 
40 -30 6 -25 -43 11 33 13 18 -41 -1 15 -49 -1 20 -14 9 30 -37 -1 -36 -41 -41 23 -33 6 -35 0 7 36 -9 -3 -17 
22 -28 -29 27 28 45 -35 42 -13 -44 40 -38 -23 10 -46 -17 19 27 -16 -29 -1 48 -49 12 31 32 -12 -46 38 28 -2 -21 -42 
-41 -33 8 -43 -2 42 -42 36 11 -40 -31 17 12 -2 11 -48 -26 -30 32 48 -5 47 -35 -18 25 14 42 3 -12 -33 -39 -30 14 
0 47 12 -24 12 -43 47 -37 -41 48 -40 -7 41 40 13 -18 12 -1 -29 -30 -42 -48 12 -13 35 -34 -29 7 -10 -9 30 -24 -22 
5 36 35 -36 -37 44 38 -40 -21 15 -48 0 47 -2 49 -25 9 -6 15 49 27 47 20 -22 -1 -18 21 14 -41 -38 38 -12 -47 
41 3 -22 29 32 42 31 27 20 -34 -50 -34 -45 -40 -1 1 10 -28 47 38 -32 6 -20 24 -24 37 41 49 -30 -24 -45 39 3 
39 25 -2 -3 4 -22 31 -19 -25 20 32 12 19 27 -1 -20 -42 2 27 40 18 17 37 25 -32 -37 8 -26 22 10 27 30 12 
34 -22 13 40 -22 7 36 -41 1 38 49 49 -21 4 27 20 -46 -32 5 -20 40 -22 -3 26 -2 -24 11 -41 26 -46 -2 -10 -12 
6 -6 18 -10 -12 -45 -35 2 -30 -41 -4 48 27 10 16 0 25 -43 40 -27 -32 -36 -37 19 21 31 24 19 -29 12 -23 0 9 
46 26 -28 13 -27 46 -5 47 -16 22 -30 -44 -17 32 28 -8 39 -43 13 34 -6 31 -7 -24 35 10 8 7 -22 49 33 15 16 
3 -8 -34 -42 -41 7 45 -18 44 -48 28 37 -35 17 -41 -26 20 36 -48 20 -46 -27 -36 40 23 21 -32 1 17 -20 9 4 46 
-5 47 9 -43 -14 5 -5 -34 -25 -14 24 -25 36 -23 4 -3 17 43 40 23 -26 5 -24 27 -4 40 18 -37 21 6 25 -33 -4 
-35 -40 7 9 26 45 44 -37 -10 -36 -38 44 -9 -16 -20 13 2 23 3 30 16 -7 8 6 19 -37 37 -37 14 -23 -34 -47 -29 
-26 36 -24 4 2 21 11 -28 9 29 -6 -28 -46 13 16 -26 30 -42 5 4 18 -36 -30 -21 6 -40 -33 37 -29 -2 -37 -2 -49 
-21 6 -36 24 -42 23 17 43 -50 25 24 -34 23 29 -23 -41 -40 48 41 31 -43 -23 -26 45 -44 -48 44 3 37 32 -11 -17 41 
16 -12 46 8 12 -20 -50 31 -30 -25 -44 -36 -8 45 -28 45 35 -9 -9 -43 -38 -32 -50 -48 31 -42 17 -27 -28 -36 3 -6 42 
-41 -48 -31 -6 -34 -22 -15 -15 18 44 2 -10 21 -4 -12 -35 19 44 -40 -41 -33 15 46 35 36 6 -45 3 23 33 -50 43 -50 
10 -3 -4 21 7 -4 -19 4 -38 -38 47 -6 -41 2 -5 -24 -19 -48 -16 29 -26 4 -7 29 44 47 -48 11 34 21 7 31 4 
-30 -49 39 -46 11 31 -18 -37 20 -10 -37 -16 3 -28 -17 10 32 22 49 -46 -5 -16 45 24 37 -49 -17 34 -10 -25 33 -34 46 
-1 -8 -39 -44 26 -41 9 3 -40 -28 -3 7 1 15 19 -13 1 40 -49 -41 17 -8 -50 28 45 -29 -46 -21 15 49 44 42 -13 
-5 -27 -47 -45 39 -19 29 0 46 -43 2 10 12 -16 26 -12 21 -7 39 20 39 47 -19 -18 -44 -16 6 -18 -3 2 26 3 40 
3 -37 -43 -14 12 -36 31 -17 16 -21 -50 42 -10 -23 -40 -8 -28 -19 48 -19 49 41 49 -7 14 0 25 28 -16 18 -24 -1 -43 
18 33 29 44 -35 12 -2 -2 0 -35 -30 -25 -44 -36 -3 48 -1 14 -26 46 6 -21 18 30 -44 15 -49 -13 26 10 24 13 49 
39 -45 -25 40 -24 12 23 27 -44 -49 -8 26 -43 -7 -23 14 17 -29 -28 -8 -25 8 -46 40 49 -28 -47 9 48 44 42 30 -10 
12 -21 16 -33 -37 44 -39 47 37 42 44 -29 47 -49 14 18 19 13 -27 -18 -10 37 18 11 -10 -25 49 7 -37 -17 -1 -10 12 
-18 43 -4 -38 11 5 -15 45 7 -17 41 4 -9 -9 -32 -42 -32 -29 -49 32 -5 31 -20 -35 30 12 10 -1 -22 -35 -31 -40 27 
19 -44 1 9 33 11 46 -43 -31 47 -46 -49 4 40 -7 -16 -1 -25 15 47 -13 -11 -46 -28 18 -42 -18 -6 44 -24 -8 -30 33 
6 -15 -46 19 -47 -20 38 -18 6 -1 -16 -14 -2 -46 31 -47 22 -39 -25 -38 29 8 43 41 -10 19 3 -16 26 34 -17 25 -49 
25 -37 -19 -2 -24 48 -44 -18 19 -21 6 -35 -32 -48 17 -37 13 -6 -28 48 39 30 40 -49 -37 5 -32 49 -24 21 23 -30 49 
14 29 22 29 -35 9 -30 4 -50 -35 -14 -12 11 -5 14 -20 16 32 -44 -12 4 26 29 9 36 -10 5 5 -10 38 12 -6 -11 
-49 -38 -9 -13 15 47 24 -17 6 32 -36 20 42 -35 -8 -11 -1 -21 21 19 0 19 1 28 40 7 -34 -27 40 5 43 31 37 
42 47 -11 -36 -39 27 -39 40 -4 39 39 3 9 -48 -10 -39 5 37 10 46 22 23 13 -21 -37 33 -25 -21 -20 20 19 9 45 
40 -33 36 -1 -29 31 -22 -39 18 12 -26 -47 -24 -3 14 -21 25 -39 -28 13 -24 24 7 -32 -23 10 -4 -23 34 31 33 44 -26 
-7 -35 -43 -6 7 5 4 -33 -36 3 35 25 -49 18 37 7 -28 33 -23 -33 -45 23 42 -41 47 -18 -22 -36 42 -29 2 17 -5 
-34 8 11 36 41 24 16 33 -6 43 38 28 8 -30 30 -41 11 1 -16 3 -31 -1 -27 34 -49 36 -26 -8 -8 8 -2 -23 -22 
-40 15 30 -26 10 -47 12 2 2 32 37 22 -38 35 -14 -32 -14 -40 29 -17 37 6 -32 1 14 36 21 -1 -26 -28 -37 -6 -36 
-23 -35 32 42 -3 -26 -31 -24 1 16 -38 -45 -40 33 -11 36 6 27 10 16 38 -5 18 46 -33 -31 2 35 -8 -11 -10 -19 13 
-15 10 -9 24 -31 -11 -28 -13 -29 -27 42 -29 -36 -22 -38 42 23 -2 -47 -18 13 40 44 30 8 43 -17 37 12 -2 6 -49 -2 
6 18 -22 39 -21 3 -26 -28 -2 -50 -40 -44 26 -16 37 -25 30 19 -27 -36 -9 -43 -34 -26 3 3 -21 -2 33 16 -36 12 -10 
10 -9 -2 38 24 -44 -11 23 21 -50 35 11 -5 34 -27 -40 15 -21 10 17 -23 -42 -29 -2 3 -46 32 -32 23 3 35 -34 8 
-36 -16 -44 28 43 -7 -2 -41 -11 -22 -37 -37 -11 40 46 -7 -7 25 48 35 38 -1 -16 46 -5 -49 -40 14 29 3 44 48 -47 
12 7 18 -14 16 -24 -43 -11 10 31 -5 39 -37 13 0 38 35 -30 4 14 27 48 -43 -7 1 -49 -15 48 -43 35 16 -24 49 
-47 3 18 -43 -15 -33 -9 5 -13 8 -5 0 -43 5 30 47 -15 -37 -29 -15 -48 -20 32 16 -31 5 14 -1 -14 31 -49 9 -28 
35 -22 18 17 -4 26 -47 19 -10 13 -34 46 -1 49 49 18 -35 8 42 -10 18 -3 42 -32 -50 23 31 14 -37 -15 23 -36 1 
-46 30 -28 -23 -10 25 -30 4 -3 49 48 3 -32 13 44 5 33 27 -5 -1 -6 9 -18 3 14 -13 43 9 -17 3 19 34 10 
-11 -19 33 -25 8 -31 -14 28 33 2 -11 -46 27 -3 -16 -33 3 -29 8 -2 -4 33 21 -26 37 -39 20 -24 45 7 5 -9 -9 
17 9 -2 40 1 17 -39 -34 17 -44 -28 27 23 -23 -23 -35 21 21 38 -37 -37 4 2 11 27 9 -8 -7 -42 -5 -16 -35 20 
-24 7 -28 32 13 37 33 5 -8 45 -35 27 -30 -29 -25 23 1 44 -46 -32 23 -29 -25 43 7 -13 39 -18 -13 -46 37 -34 -5 
8 -28 -50 1 -33 12 14 46 25 -27 -35 48 38 -8 19 9 3 -7 30 22 3 -8 -29 43 42 -40 -20 -22 -20 32 3 -46 39 
-44 33 46 -21 -48 -37 -14 28 3 45 45 13 -25 26 -12 32 24 -48 -42 -3 26 48 -3 4 10 35 -33 -18 -22 46 -8 -37 24 
-25 -44 9 -3 -26 7 27 -12 31 -3 4 -50 28 11 10 35 -47 23 -38 5 -50 -24 -22 -2 -43 -36 28 32 -20 10 41 -44 -11 
-23 -26 -40 37 -6 -39 38 38 -49 35 40 13 -27 -23 -2 42 -16 -47 -44 48 -24 -2 13 -32 -18 31 48 -34 31 23 16 -21 32 
1 -17 45 -9 -6 -13 -33 -8 -25 33 4 27 -35 -31 47 -50 -30 6 -40 18 -6 25 -19 -21 46 -16 -11 -28 -5 -15 -3 -17 -6 
-24 -2 -40 19 45 6 -20 35 -15 30 49 7 -16 16 4 -10 -20 32 -18 -10 -44 -40 -49 41 26 -48 -32 -35 21 19 -1 6 -18 
-4 28 -9 -26 -1 14 -28 16 -12 38 -42 -4 48 3 -33 3 49 -33 36 4 25 -31 -35 28 -18 16 -28 -31 36 23 -4 4 -26 
41 26 -16 6 -30 20 -21 44 19 38 39 -36 43 -29 -37 -33 -30 14 -41 -21 10 4 41 -50 4 -20 -10 -2 40 36 -48 -27 4 
-31 1 -26 30 30 24 34 7 28 -2 -27 -37 -18 -48 46 -29 -1 -16 48 -38 -35 17 -7 39 -47 -10 3 41 46 -3 5 -20 -9 
32 -27 47 -45 36 -32 -25 -33 -26 33 -29 19 -45 -23 -23 28 -38 6 48 25 39 19 -11 -20 -5 -29 -9 23 -25 14 -14 -8 -32 
-47 -12 -31 0 -16 18 -5 -23 -44 -44 -46 -6 -6 -12 -4 27 -46 36 -22 -11 40 47 44 -25 44 29 38 22 16 33 37 15 -10 
-14 -17 -6 31 -11 9 9 44 -22 31 -14 31 -43 31 -10 8 -1 -5 -50 3 29 -43 -12 13 -32 44 42 -1 -10 12 28 46 -12 
-11 35 25 0 -32 49 15 -32 43 -48 25 0 -46 15 3 -47 -11 2 -6 38 -41 37 -43 -36 -28 -33 -50 12 -28 11 32 -24 28 
-32 18 -14 -8 -43 43 35 25 6 -17 16 -21 46 -35 -15 -13 -11 -37 7 -45 41 9 8 30 -35 -38 16 -6 -16 15 -22 47 40 
-34 4 -34 44 -14 27 25 -34 -17 2 -47 11 36 -8 -7 -8 -29 -12 5 38 -11 37 38 -32 31 -26 20 47 48 -9 38 26 -8 
-31 33 4 -12 31 -33 47 -29 41 -23 -46 -23 9 23 -15 42 -40 -1 43 33 26 -39 40 21 -19 -47 -47 39 -9 41 40 -7 -42 
-3 -20 -17 11 24 29 33 42 -47 31 8 13 6 13 -24 23 27 -44 -32 -40 -26 -23 0 26 -11 32 44 -43 -27 21 1 -2 26 
-4 22 -28 -24 23 -49 37 -24 19 -40 24 45 16 -32 6 -32 -39 40 26 -34 44 7 -48 -11 1 -22 -22 -6 -23 48 -22 49 -8 
-24 22 17 43 49 -19 34 40 27 -3 -8 -29 -9 -11 30 22 43 -43 -33 -1 15 -4 -28 -7 39 -19 10 16 42 -23 -11 -44 -30 
12 -15 0 -11 22 -20 31 -21 32 -24 48 49 47 -14 -49 -34 24 -9 4 4 13 18 18 -23 3 39 10 -45 -4 -37 -39 16 3 
-5 -30 -34 -3 25 17 49 3 -32 -11 -46 45 -1 13 45 -27 -10 17 -14 -44 40 -27 1 20 44 31 30 -37 49 25 10 -42 44 
-39 11 -30 9 -4 17 -45 -12 -40 -18 39 -2 -50 35 -11 -34 32 13 -35 41 3 -1 15 -2 -17 -16 -39 -43 -47 3 -14 34 -18 
-7 -44 37 26 -49 11 -35 35 17 3 1 -9 18 -34 29 35 4 35 -47 -33 -49 -20 -49 -34 -3 31 23 -38 32 -1 19 -29 -16 
-32 36 38 7 -4 -26 -19 42 12 -37 45 20 -28 -30 -12 16 22 -27 40 20 -20 -31 -48 25 36 42 18 -10 -16 -5 1 -41 -30 
-2 15 -44 -19 31 34 46 -44 -43 2 26 14 -10 42 10 -29 20 16 -41 -13 28 -26 23 1 6 39 -17 37 -35 -24 -36 21 12 
-41 27 8 37 26 21 -12 -43 -28 40 41 0 -15 48 -14 46 34 36 48 10 -38 -15 37 3 23 -25 -5 49 -31 45 33 -11 17 
36 25 -2 -12 -37 15 -3 9 18 9 -40 -31 -38 27 -4 -50 11 48 49 -14 -27 -19 13 -16 -16 -34 11 -22 -13 47 -27 -15 47 
-7 -31 22 -1 2 40 19 35 13 3 -18 -10 8 -23 -32 -8 -50 21 -28 20 -39 13 -16 44 -35 24 41 -22 -41 36 11 15 40 
15 -45 35 40 -25 -43 -12 25 43 40 2 40 -11 -24 42 -45 44 -14 -38 28 -25 -31 13 -47 -25 24 42 -12 -25 -13 14 -27 10 
-48 37 -26 -44 -9 -6 -10 6 -9 43 21 -36 10 15 -29 -48 22 -30 -10 29 34 -35 -6 28 -7 7 11 -15 -39 2 -31 45 -29 
46 -25 -6 40 19 -8 -4 -13 -11 -29 -9 22 9 -19 -43 10 -46 -19 5 -45 -4 -9 -40 47 0 -5 -45 -11 28 -16 -16 9 42 
4 -2 6 19 -10 -40 8 24 40 25 -20 49 -26 -23 41 24 -10 -10 -44 -12 -8 21 -19 -10 1 -1 47 -12 8 4 -42 -32 -19 
-29 -28 -28 17 22 -33 32 29 11 32 11 49 14 -26 29 -36 1 -19 -24 -18 14 -39 13 9 -36 -4 -30 12 -4 11 42 -19 9 
-30 36 -19 22 42 32 1 -9 11 -10 43 -21 35 21 41 17 -50 15 -43 44 46 9 26 -45 -30 -23 2 -7 22 18 -32 -28 48 
28 -40 9 46 -15 5 -29 31 4 35 -39 47 -13 49 10 -29 46 -16 37 32 -46 -20 -26 -38 39 -5 37 16 49 4 -19 -29 48 
13 10 -44 -49 20 47 -11 -49 -22 -5 -34 -15 41 16 32 29 4 24 11 -41 -3 16 9 30 -22 22 -18 -37 -1 -49 49 -16 -34 
29 -22 -38 8 13 -2 -12 -37 25 12 41 -7 -36 -30 48 0 -18 -25 9 -50 5 -3 -49 -17 48 -25 -44 -7 27 43 44 -44 -17 
-42 -18 29 23 -16 23 -9 -25 -27 -12 -28 -23 35 -34 29 1 48 20 -22 -6 28 -15 16 -7 -22 -9 15 43 -34 -45 -42 35 35 
-50 -4 29 25 -49 6 -50 -30 -10 35 7 -36 -28 -45 48 23 48 -30 -38 21 38 -49 -49 -19 6 -16 -31 -24 -37 25 -43 13 40 
-19 5 -20 -46 -13 25 -15 -13 -35 -29 42 43 -19 -32 18 -47 -19 17 7 0 -24 21 -1 -29 -23 -35 14 2 48 34 -1 -6 11 
25 -44 30 23 -3 3 -17 -33 8 -1 33 -49 19 22 -5 -19 -5 40 48 16 -48 -16 27 30 -47 5 24 24 -40 -37 25 7 -44 
11 36 -23 -4 9 -47 -32 -46 -47 -42 -14 -32 24 5 2 29 47 -18 -29 3 15 -14 -2 19 -12 39 -40 46 8 48 12 27 -16 
12 -14 8 49 46 25 10 -2 20 46 -5 -26 -16 33 -22 44 -50 48 10 10 27 -2 7 18 -30 37 -27 -30 -47 -41 -39 31 -50 
-39 25 5 -22 14 -33 16 33 30 25 -43 4 -46 -5 -41 -44 -5 21 48 -28 -31 23 1 -4 7 -25 49 -42 39 42 20 -3 -45 
-19 -45 33 -30 45 2 -25 11 -7 -42 5 -32 -37 4 -45 34 -3 10 3 8 37 20 18 -3 -9 45 -8 -30 -50 39 -45 24 -38 
-19 -33 49 29 0 36 -27 15 -40 30 -32 -42 7 -40 -6 41 -30 -19 2 44 47 -12 12 9 -10 15 21 -6 -44 42 3 -40 -43 
-29 5 -38 -30 -8 3 48 42 -7 37 -48 12 -1 -22 -30 9 -2 -4 5 -2 -22 -9 -6 49 -9 -10 41 -45 -37 -4 45 29 42 
39 48 19 13 29 -38 -14 12 20 14 -25 20 -4 11 35 49 -42 3 4 11 19 21 -48 -8 -3 -8 37 13 -47 35 -28 44 -46 
-45 42 -18 24 -24 39 4 -19 35 5 -5 32 -32 25 36 47 -46 20 1 -49 11 -40 -15 -15 1 48 -30 27 25 -6 -23 0 12 
-24 2 -4 -21 13 -39 43 8 24 11 11 -39 49 -39 48 -34 39 -22 -12 30 2 47 -9 -41 21 32 -19 -12 35 -19 -43 -26 10 
34 32 -23 16 42 18 47 -27 10 33 -17 -16 -3 -36 -24 42 27 -3 -44 -28 22 6 -21 -31 -15 17 7 -33 -5 -6 -6 16 -46 
-11 21 28 9 -20 34 37 -46 37 41 -33 20 -36 -49 25 -48 27 -23 28 -10 15 -29 -14 35 43 -22 -38 -35 -29 -18 -18 -6 -2 
4 21 -40 -46 9 22 -8 36 19 -31 -26 -1 -16 0 44 30 -9 -4 3 22 6 -14 38 -20 41 -44 -31 -29 48 8 -31 -32 -35 
-29 32 -5 6 -22 -8 17 -18 25 42 -50 -39 28 49 -3 -20 -34 12 -42 -16 27 8 16 49 -47 -8 34 -40 -17 -16 -21 -12 18 
29 44 -9 8 41 9 36 -27 -22 21 0 -17 -7 33 32 -39 11 -20 -35 -49 40 -18 -3 21 -47 -6 48 -31 32 18 -31 3 27 
-32 19 27 -20 -21 0 -20 0 3 13 -41 29 9 45 -31 22 31 6 -15 21 -14 -39 -39 -22 5 38 20 -49 45 -19 -8 37 -43 
-21 -31 38 -28 39 46 1 48 38 -6 -7 -26 37 -23 -22 47 -9 1 -48 -26 -6 -29 -11 47 18 -2 41 -35 43 -42 41 -41 18 
49 -39 4 27 2 9 -3 9 46 41 20 -5 39 11 -10 30 -45 -7 32 27 -15 19 -11 -2 -15 -48 -14 -17 6 -11 16 12 31 
-19 30 -17 -18 -13 -18 22 -15 16 -26 -12 6 -44 42 -3 -49 19 20 36 -35 32 -42 -8 12 18 -41 10 -34 2 -15 -2 -41 -44 
-49 -24 -18 5 -5 -33 -31 15 40 -2 -38 18 -21 -5 44 28 -25 -26 -23 32 -24 4 -13 -3 41 11 8 3 -44 -26 29 -44 2 
13 -36 -35 -22 -38 -3 19 -37 16 -40 10 30 -47 5 2 4 8 -21 23 -20 -36 41 -37 -36 -18 30 -46 5 3 -15 -25 32 14 
-11 40 38 -46 -11 -2 -37 11 10 -26 -45 -7 -17 46 -44 46 -31 -20 4 34 16 44 31 32 -2 -15 -32 38 -45 -41 24 -21 -15 
10 -31 -48 -19 -28 -37 -35 29 -10 -3 38 47 -20 -9 45 6 17 40 37 -29 -42 -42 16 43 30 -33 -3 11 -27 -25 21 44 -50 
23 -9 -47 19 -36 5 -35 48 -39 -35 13 16 -32 4 14 12 -1 22 14 -28 -38 30 25 23 21 23 13 4 -16 27 27 -18 41 
35 41 -3 -27 -1 -37 -2 6 -48 13 14 -4 -33 -48 -14 -46 -33 1 -27 39 -14 -24 -28 0 24 34 26 -8 -3 -12 -12 -41 44 
-11 -9 3 0 33 34 21 2 -4 -43 18 -9 -22 -42 1 47 4 -30 -44 -27 -12 -13 -31 33 28 -39 -49 44 -48 -7 -36 -29 -3 
1 -22 31 -47 -18 -23 -21 -12 14 19 42 -21 -46 23 27 -20 23 22 -46 21 -22 -17 13 1 22 -20 23 8 21 -27 31 9 47 
25 -32 -35 6 43 12 39 41 -5 35 -21 32 -4 -27 31 16 -48 10 -1 31 18 -12 -29 9 12 -30 -25 36 -42 37 21 37 13 
-8 -21 8 42 20 7 -22 -23 -41 -37 -7 -42 -28 42 12 3 28 -50 28 12 43 -24 38 -18 -2 40 -31 -22 -45 10 -2 -47 -2 
-35 -41 -45 19 38 -47 -27 48 -15 1 -6 -20 -50 -32 -29 8 -6 -42 -45 25 -2 48 3 30 -43 22 21 23 34 44 -38 -42 33 
-38 -14 -46 -45 13 0 17 -6 -40 -9 42 -31 -43 -37 -2 -13 -20 -1 42 7 -3 27 2 9 33 32 1 35 9 31 -7 -14 30 
30 -36 1 -4 46 -10 10 9 -50 33 -31 37 19 19 -14 24 17 31 -50 27 44 -37 -20 43 43 -25 -29 -22 -7 -38 28 -25 8 
49 34 -48 6 4 -50 -6 38 -43 28 -44 -36 -26 41 -48 41 -45 -9 3 25 35 -14 31 13 -33 48 -42 19 41 -37 13 27 5 
-43 22 -15 6 -40 25 5 47 -20 48 -14 43 -26 -35 26 42 46 -23 40 25 39 11 -9 21 -11 43 -10 -18 -9 -37 24 21 -38 
1 27 -12 22 19 -37 26 35 31 -12 -17 35 3 -16 44 11 -16 6 -22 23 33 48 -25 -39 11 26 -18 48 -17 23 16 49 3 
-17 -45 -18 -40 13 -50 -9 11 43 29 -26 -30 -47 -22 -38 -18 10 -44 -18 19 49 -33 -46 27 22 48 34 -37 3 3 6 -42 -23 
-10 -14 39 15 36 -9 14 -1 -3 -27 46 -42 -45 -5 45 49 30 -40 -9 -19 -8 35 -21 -21 -31 13 -36 -28 -11 -31 23 -22 17 
45 14 16 -42 27 -16 -21 -20 -50 10 18 12 18 6 -10 48 -31 -23 -11 -25 24 -29 40 39 49 -47 27 -22 -46 2 -42 -23 34 
-21 -43 -41 11 -45 43 45 16 11 -25 16 -41 45 46 -29 -47 7 41 3 17 -6 -46 -28 43 32 20 -2 -38 -13 -36 -15 31 -33 
-31 -32 -37 46 -36 44 19 -31 -7 -5 22 -35 -31 6 -15 -20 -4 -12 34 -38 44 20 -15 3 30 10 7 26 17 -31 43 -22 -27 
-49 27 24 18 1 2 -24 -3 5 0 -44 46 -30 39 -1 -29 -26 35 37 43 -18 -28 12 -42 1 -14 14 -20 -31 10 -16 -19 -5 
23 18 -44 -11 11 -44 -1 -1 -37 -8 45 21 -11 37 5 -2 4 4 -46 2 33 -3 -4 -49 16 40 -46 2 -28 24 -40 -16 23 
4 -29 23 -11 4 -30 20 33 2 7 37 5 -30 -37 -41 1 35 -10 36 -10 11 -5 5 -13 8 -50 31 -35 11 38 -33 16 14 
-6 32 -23 -47 7 8 12 2 44 34 29 42 0 18 7 -47 -29 48 37 33 -9 -34 49 42 17 29 -39 25 -36 15 0 -37 -2 
-45 17 39 25 36 22 -8 43 6 -41 4 29 -7 12 4 -12 19 -35 -47 -47 34 24 -46 -17 15 -4 -50 -18 33 -36 -44 -1 8 
14 2 37 -37 -7 -40 33 31 1 5 -15 -30 -39 -18 -22 -27 -7 -39 33 -30 -42 7 -25 -47 39 38 -13 -17 -27 18 48 -13 8 
14 -26 49 47 -19 -18 -40 -46 -30 -3 -7 -21 40 12 40 47 -50 10 -3 -26 -46 34 15 -12 13 36 -9 -23 -9 41 33 3 22 
-39 14 -21 16 33 -10 -14 -11 -19 0 4 46 43 -30 46 48 21 31 12 -1 7 -42 44 -34 9 9 42 -29 15 29 4 -28 46 
39 -27 45 34 -4 29 -46 44 -7 30 -44 -9 18 10 -9 25 -15 -5 -2 47 9 8 -38 -27 19 14 8 46 7 45 -50 0 -32 
25 -32 -22 -2 47 -33 -13 36 -8 -19 19 21 23 -22 39 -3 29 -5 13 -20 -26 1 -8 -1 23 -28 49 40 -4 9 19 35 15 
-27 -3 28 4 -42 -3 47 -23 -17 31 -42 37 -49 38 6 33 -14 10 -8 40 -17 -17 -16 48 -15 17 15 -45 41 25 -26 3 -1 
26 -37 -4 1 -45 16 -9 12 -28 -11 -32 -16 -13 -31 11 22 -22 8 0 48 -46 43 49 -11 14 28 -44 5 -9 -20 -31 39 46 
22 -49 2 33 22 -15 1 26 14 32 22 42 16 48 -28 32 -28 -16 -29 -28 -33 38 -20 11 -44 30 -1 -44 -27 37 41 -24 42 
-3 -31 -42 38 -41 41 20 18 10 -19 -18 -38 -22 -40 -35 41 -49 -3 26 12 -30 40 20 -14 9 -11 42 -30 -17 -31 -23 -39 -42 
-16 46 35 -3 6 -13 -8 48 12 12 23 -18 -6 4 45 -7 -26 -37 -5 24 4 30 -18 -48 44 -35 -50 31 43 17 -26 -37 -3 
10 -23 -1 -42 -34 40 -41 37 -9 8 28 -31 -10 -1 34 -46 -12 -38 -47 -41 1 -12 -7 -28 -34 -14 22 34 -29 10 -34 26 14 
-44 -23 46 6 -21 -12 14 -28 -12 29 35 -34 -44 -35 25 -3 -49 -2 14 0 25 -45 -20 41 -24 10 36 19 -17 25 29 49 25 
-5 2 27 -32 9 36 -2 -9 15 -6 -47 -14 8 10 -27 -34 47 -3 36 28 34 -50 -23 18 1 -41 19 48 -6 -37 -36 35 2 
-50 -8 -21 36 -33 -34 14 0 -33 42 32 19 3 28 34 -32 -12 24 38 -14 -4 19 4 45 4 0 41 -5 -9 -6 26 -44 -38 
38 -3 39 42 36 44 42 30 2 -13 -16 2 27 -21 17 -46 -11 14 -29 3 -30 -16 48 18 -31 42 46 47 -28 7 34 -35 40 
-19 -4 -1 19 29 -13 42 41 49 -44 40 -2 21 27 -16 27 20 46 -5 23 -28 -8 43 0 40 -31 29 -18 41 -35 9 14 39 
-22 8 -13 -18 25 21 6 36 19 21 -16 -27 48 -17 41 4 29 28 25 -24 47 -31 13 7 47 -22 -33 25 -13 24 -10 -44 -12 
-18 38 -26 34 -35 -14 4 25 -16 -38 -22 14 13 43 -45 45 -3 -47 -2 -8 5 -31 21 -4 2 -5 45 -6 31 -6 27 0 -35 
-47 5 1 -37 44 -44 23 6 -8 -28 39 -50 -46 40 15 35 39 -28 27 -49 -1 8 32 -23 -8 -45 -44 -31 2 -8 49 9 15 
4 34 -45 17 40 -5 0 -40 -48 21 -36 -2 -25 21 -25 2 21 32 23 45 -29 -29 -13 -29 -34 -37 32 27 -29 3 -35 -15 -38 
21 1 16 -20 -45 48 -19 13 7 -27 10 17 17 -45 22 2 -30 -43 20 -41 25 -21 -25 -49 -14 -34 21 -39 30 -45 -42 -5 -2 
-20 26 49 49 34 17 -25 -44 -49 -37 33 -15 47 37 -38 -48 -24 15 -1 6 10 29 45 -24 36 47 -31 30 -27 16 -49 -47 -6 
39 -38 23 16 -35 -14 -50 -12 -27 7 43 -35 41 45 7 -43 23 27 -6 36 -8 12 39 -38 5 16 36 12 -5 39 -14 -39 -46 
11 -44 -48 -28 -9 12 -36 27 -4 38 19 -18 -45 8 -36 15 -41 -35 17 38 -23 22 48 -27 33 10 -28 -39 -42 49 22 43 36 
-13 4 11 29 18 -23 21 3 17 -38 37 -39 -49 45 1 -8 -37 49 -29 -9 -39 -47 -35 -4 17 -12 -1 9 -26 0 23 -14 30 
-30 13 1 28 46 -40 12 -6 -22 5 22 40 36 -35 -39 -3 -1 17 -30 36 23 5 -7 -15 30 -12 14 -22 45 14 -44 24 -17 
-1 34 46 42 20 16 -20 -41 -25 -38 0 -40 0 18 5 5 -43 22 47 20 26 -11 43 40 29 -37 23 19 44 -13 9 -18 -20 
-16 -4 -10 20 17 -13 29 -5 -34 -31 -41 -30 -40 29 -31 33 -48 38 -3 -5 -5 -15 -37 -19 36 -10 -24 15 26 25 9 -39 3 
-17 34 17 2 -45 -49 36 13 36 27 14 -10 39 4 9 -9 10 26 29 -1 -31 11 -6 43 8 -46 6 5 8 6 -34 4 25 
38 -22 28 -4 -41 -9 -25 -30 13 -19 -4 41 -15 41 -1 -31 -38 -20 2 -46 4 40 22 -44 9 31 -4 -2 -46 -22 -6 -41 -47 
8 37 -18 -49 47 -11 -10 -15 -10 -29 37 -2 40 -35 44 -49 -29 15 -5 -7 -16 -27 25 -45 -17 -48 -5 5 -26 42 6 16 22 
12 21 36 45 18 -5 -2 2 26 -3 -7 -26 4 12 -45 7 -6 18 35 -18 22 -7 23 25 36 4 43 49 -22 28 -48 42 -19 
-14 21 -12 -46 7 25 20 -23 -44 -9 40 -3 -5 -41 -41 7 10 26 -23 -41 -17 28 -35 -11 -45 -41 28 28 -22 35 -7 -15 11 
-16 -3 -50 21 -37 -47 -43 -22 -16 -14 -22 39 31 12 -33 -9 26 -26 35 2 43 -19 -35 17 47 22 11 -47 29 45 -25 37 7 
-12 -47 21 -10 -15 -28 31 -32 23 -15 -6 -37 -46 -3 -19 3 -4 -5 40 -8 -6 -6 -13 -31 -32 -24 36 -16 10 15 -35 39 0 
39 34 6 39 45 -21 39 -20 13 -30 -38 48 34 32 25 -36 -22 36 -49 -1 20 31 -10 -6 -34 -14 -30 3 46 29 4 -38 -20 
10 33 -21 5 -14 -4 48 -49 18 26 30 -43 -4 31 18 20 42 -17 -38 -39 43 14 -49 -15 -15 -23 -19 19 31 -10 25 -27 -24 
-23 11 30 -20 -20 -28 -14 10 37 -19 -42 21 30 -11 49 30 5 -41 -49 -47 44 48 -2 -8 11 44 -34 2 -8 -30 -19 9 32 
-19 7 -43 -37 -41 -38 29 -4 49 -27 -45 2 33 26 16 21 7 2 23 -42 16 -32 19 36 26 -36 41 40 28 25 35 8 -27 
-32 -23 21 34 -44 -23 26 29 -49 -18 -5 -37 -34 -31 19 -38 -36 12 -34 -20 47 22 34 46 32 -22 0 -8 20 -5 -26 -16 26 
0 2 17 2 -27 -31 -14 -49 14 -8 -49 -46 -29 43 -45 7 12 17 -13 -13 -23 40 -46 34 44 9 -23 10 -19 -19 45 36 19 
21 -17 -33 45 19 27 46 -36 -17 -12 28 -13 21 23 42 47 -5 6 33 40 41 43 -17 -1 7 24 -29 1 35 1 -37 -12 32 
33 40 45 25 1 46 -26 -42 -5 -6 33 -32 13 26 9 -44 -32 -8 -49 46 16 -3 -29 2 29 36 8 -38 32 -47 33 -43 -10 
11 34 -13 28 17 -42 46 47 16 38 -47 42 -10 -14 -45 -42 -35 -2 15 14 11 20 41 -21 0 40 39 -39 -36 8 -11 35 -5 
-42 -39 3 -37 22 43 9 -11 -20 32 6 -18 -34 -46 -48 47 49 -36 -48 2 -30 -27 -13 -13 19 -2 -15 -5 -33 23 -29 0 -22 
-13 30 -2 44 17 -27 -35 -11 13 36 -42 37 -17 17 -38 -39 -8 23 -8 -19 -18 20 -50 11 -41 7 27 -36 25 31 -1 7 -8 
19 20 -5 3 -14 28 40 -44 40 -45 -17 43 -22 30 -36 20 -14 16 9 -8 39 36 -30 -43 8 -49 17 29 30 -41 35 -10 19 
-32 14 10 -15 22 24 -24 -33 -16 -8 37 14 32 12 -11 -17 -14 43 -5 27 -15 -5 -14 3 3 45 8 49 -28 3 47 -43 -41 
43 -17 -35 20 19 43 -27 38 12 39 34 -25 3 25 -45 -9 -31 -18 -43 34 34 20 -47 -4 -36 -30 20 31 -28 16 31 -44 49 
-37 -22 -10 -20 7 21 19 28 23 -35 -37 19 -28 24 -34 8 -45 -39 -19 -14 -40 26 21 -10 -41 2 -17 45 4 45 -1 4 37 
38 -10 15 -23 -20 9 -14 -30 28 -39 22 -32 -18 -41 -19 12 -6 -47 33 -46 -39 -50 -29 -45 -24 -24 -23 5 48 9 -24 -44 43 
14 -24 -20 -38 0 36 -36 -33 27 -38 -5 28 27 2 26 -31 35 -30 5 39 31 -13 -23 49 -17 -26 29 -40 12 -3 43 49 45 
35 30 18 -38 -44 21 49 -16 -34 -5 -29 5 -7 -31 -11 45 41 39 47 -11 -50 10 -50 -29 23 45 40 -46 3 23 -27 -36 44 
-7 40 45 -8 33 34 13 -22 -42 -42 9 0 20 47 -42 42 -38 18 -37 -28 14 -33 -28 -44 -31 24 19 -42 -8 -45 9 39 -46 
-7 8 23 -45 -28 -40 -10 -4 46 -4 5 24 -6 15 -18 7 -49 -30 -3 -19 11 43 -39 41 -10 -26 -6 14 -10 -13 4 21 -47 
24 -44 -16 32 28 45 11 -5 5 23 34 7 46 -17 22 -41 -32 -31 -25 -50 2 1 -48 -49 -41 8 -7 -1 -9 39 -46 -1 -24 
-31 -47 17 -14 -31 18 44 16 -34 0 49 49 -10 43 -42 31 29 -5 -23 0 -5 16 34 -38 -6 -4 25 15 -8 -3 -48 -44 37 
-41 -23 -39 34 -12 2 -10 14 47 45 12 -9 25 7 43 15 10 -24 10 -28 -5 33 -48 -19 -32 5 14 28 -19 7 41 -36 45 
-8 9 30 -18 -12 -2 -25 -2 -25 17 -41 -23 38 31 5 -40 18 -30 13 -26 -12 -32 30 -15 -38 0 -7 -41 1 -23 26 -18 31 
-18 26 8 27 -44 -7 19 42 14 -20 -5 24 35 33 21 4 -21 14 25 12 2 32 -5 -19 -14 49 -29 9 31 -41 13 -46 -7 
-22 -34 -50 -8 12 8 -25 -25 -8 -41 45 7 -27 5 -47 29 19 3 -11 -13 -22 14 1 7 -26 41 16 8 -1 -45 44 49 -46 
-29 -2 -21 36 -2 -7 34 -19 5 -12 43 -41 28 46 -23 -43 -10 14 -34 -6 -3 -13 31 -38 13 14 26 18 -44 10 -14 39 -3 
18 0 9 -35 5 -43 -19 21 -18 -48 -3 -27 19 -30 34 44 20 -37 35 34 27 19 -44 18 -34 48 17 4 47 1 -33 30 31 
-49 -33 -19 11 -32 -25 14 -5 18 18 -3 -37 -12 44 18 -18 47 -12 -49 32 26 11 41 -23 -50 -38 -46 -20 17 -12 15 -35 5 
-17 25 33 -15 -37 45 -30 39 -10 24 -2 4 -39 16 49 -40 43 45 -29 -32 37 18 -38 -15 -46 -32 -12 -42 0 15 23 -19 -41 
10 -10 -42 -8 -6 -45 -11 45 -18 -34 17 7 -6 -23 -35 19 -21 39 25 -11 9 -26 16 -10 -28 40 -31 17 48 14 8 -36 24 
-16 -6 28 -3 43 23 47 2 28 -45 20 -41 29 27 0 -5 -15 -30 -29 -46 40 -13 36 35 32 -39 2 48 -47 -40 35 -49 12 
34 -18 38 -2 38 28 -14 -21 11 22 -23 -27 28 -30 -41 -15 38 39 -47 -39 -49 -46 25 -21 38 -2 -27 1 -9 -29 -17 -7 41 
-18 24 -9 44 16 -32 29 36 16 -38 -10 -9 13 -16 -30 26 -39 21 -19 -25 39 13 25 -35 3 29 -47 32 3 48 -28 -25 40 
16 -33 32 7 25 -18 42 -14 15 32 20 45 14 28 -43 21 27 47 -33 18 9 3 37 -8 13 -18 24 -35 41 16 -8 48 -6 
-19 -5 -7 -35 -33 38 36 27 22 32 47 -35 40 -49 -45 27 -17 -16 21 -9 -31 10 -43 40 36 -46 20 31 -18 9 15 -10 26 
-17 2 4 35 26 46 -28 -39 -50 -35 21 10 20 -20 33 -45 -43 -29 40 -29 32 6 -20 -2 22 -36 18 22 37 -1 -44 2 47 
27 21 -36 5 16 12 -44 47 44 -31 -3 -23 26 4 -36 -2 -8 8 43 16 -5 -49 -35 37 24 -22 7 48 37 -37 -48 23 -46 
5 -17 32 -6 28 -12 -31 -3 2 22 21 -26 -42 -7 31 -24 -18 -48 -31 -36 -2 4 -14 -2 -49 33 -21 22 -27 -44 24 -23 44 
-13 29 44 -44 13 14 -2 -20 -7 20 -11 -39 24 -11 -21 -12 -20 24 34 13 -44 37 9 -48 -43 -11 -12 -4 -28 37 -18 -34 -15 
11 -22 48 -10 18 -39 -33 41 -33 -19 -30 17 19 -47 -16 4 11 -25 44 36 -34 17 -6 -45 -30 25 29 29 -2 -41 31 -12 -46 
24 12 23 31 -44 31 -42 49 -20 -7 9 10 -46 35 -41 -44 -28 -42 -31 -2 47 -34 -38 -25 -1 -41 34 -12 -41 -29 -46 31 -41 
-25 -42 15 -7 7 -43 14 28 25 -28 -3 2 9 1 43 -38 -23 18 -36 -47 -15 7 -17 -4 -44 -40 -38 1 -11 3 -27 9 -13 
8 -22 11 5 10 43 19 -20 -47 -40 13 42 -20 -49 27 7 -12 45 -40 46 38 2 -17 -22 30 -44 -29 -10 -20 -24 -16 10 -32 
34 14 31 12 39 -8 24 -23 -9 40 6 -34 24 -32 -27 23 -5 20 12 -6 -31 -25 -30 34 18 -48 14 -47 -3 38 1 -32 49 
-27 2 -16 -30 39 14 39 -5 -3 12 23 -2 -34 -10 42 -48 -10 10 -25 15 38 28 40 9 -8 -27 -23 -49 13 31 48 -38 -42 
-3 33 -36 31 -46 -24 -17 1 5 -28 37 -16 -8 38 28 -48 9 -30 0 -49 36 22 29 7 -18 37 18 -36 -6 21 -42 -28 38 
28 46 -42 8 -1 15 -35 -31 -12 34 -31 29 10 13 28 49 -9 -23 46 -2 25 -40 -23 -9 4 -29 -6 -32 7 35 47 -21 -40 
0 23 19 25 -4 35 -12 40 13 -49 43 35 45 -36 2 -27 28 31 -31 7 -4 46 -46 43 13 -43 -14 1 36 -48 -19 10 4 
46 -11 -19 41 -7 -14 -12 -48 -27 24 -8 4 -22 11 45 31 2 -6 -36 8 -6 28 5 -28 20 -32 3 -22 49 4 -14 -32 -4 
4 33 10 46 -46 47 -35 27 17 -30 48 -47 -42 -42 -42 3 -30 32 12 -35 -27 -29 40 3 18 -41 -5 39 -20 15 -41 23 37 
-14 8 6 -15 -10 -45 -43 -11 33 15 0 25 -15 8 -9 42 -15 -31 36 -48 9 38 6 27 14 -6 -50 45 -14 -23 -8 -21 22 
18 48 47 -20 -9 -13 26 -16 20 1 -35 -38 9 40 -15 -22 -50 13 -1 10 45 9 9 -37 -37 -21 2 -26 -21 -13 44 -3 -32 
14 8 6 32 -43 30 32 24 -33 2 8 -15 7 -50 1 39 37 16 -41 38 44 -6 0 3 20 -40 -16 -48 5 30 2 -2 43 
36 -20 -30 -45 -6 28 -38 42 27 -29 -47 -3 48 19 33 17 44 27 20 -41 -33 -35 -11 -33 32 -29 44 -8 -9 10 25 -25 -26 
37 -11 21 -38 33 -46 2 6 24 -8 32 40 -29 3 -45 23 47 23 -18 32 3 -23 -22 -41 -44 32 -22 29 -3 44 -18 0 -31 
2 7 -2 -22 24 -45 1 27 42 -18 -26 38 1 -43 33 6 7 26 12 -34 -32 -21 32 -25 -45 5 36 -22 -36 0 -40 -38 16 
-50 -15 -32 -19 45 49 31 -28 -3 -14 -25 24 -6 -11 -15 -39 49 -47 49 5 -8 34 -5 45 -29 26 -23 35 -34 -29 21 -1 0 
-3 -14 40 9 -46 13 13 15 -37 -25 11 -35 45 19 -32 28 49 -15 12 43 -44 0 -5 46 -38 -36 -12 46 -48 13 -16 -41 20 
-15 -2 21 -40 41 -11 -49 -22 -27 -50 40 -13 2 4 -44 -47 -19 -10 19 -9 8 -4 -40 -41 -28 -36 -23 -39 -41 26 9 -1 -7 
-7 -50 42 38 21 4 -4 14 -30 -14 -28 -17 -22 -29 1 -46 -14 -28 3 48 -36 -16 -42 -16 49 -45 24 6 -19 48 -3 13 -21 
-31 18 16 -13 -44 27 46 14 35 -36 -28 21 -1 49 -9 -44 -42 -44 -13 44 -26 15 -15 42 17 39 -44 30 -42 32 22 -48 44 
2 -16 34 38 -29 -40 34 -49 26 1 29 43 -28 25 -32 -7 21 2 43 2 6 38 -17 -11 -32 37 16 1 38 -33 18 13 19 
38 -37 -6 18 20 -38 -2 -8 25 -5 -10 36 -8 -29 29 3 40 29 -44 -38 -23 29 37 47 34 -25 -44 5 9 -1 6 -12 -39 
40 -12 6 32 43 -28 32 25 34 -22 19 35 -12 -50 -21 -37 -2 36 32 42 43 -44 -14 23 -24 -17 -25 43 -9 -7 7 -34 -40 
-4 29 41 -4 1 -45 37 -38 -42 26 7 24 36 27 27 43 30 21 18 -31 37 -45 35 10 -6 -23 10 -32 -31 38 20 44 -22 
33 34 22 13 -31 24 -49 -2 44 -1 -7 3 -41 14 47 38 -18 29 -37 -22 4 -5 33 44 -42 22 20 -35 15 48 42 43 -17 
5 -5 33 21 2 6 -18 -49 12 21 32 -35 -43 -41 -24 -6 -30 -42 -30 43 14 -39 11 24 -34 10 47 40 34 -36 -19 -2 -14 
41 -13 -3 16 -10 -26 5 -47 12 33 -5 -13 21 9 -16 14 -34 -31 -7 33 -25 19 -43 35 -17 6 -15 -19 -14 -35 -48 -46 -8 
-36 11 -34 -4 -10 24 35 49 -49 11 -47 3 19 35 4 41 -33 -27 12 14 -30 -30 -4 26 38 28 21 39 -48 3 25 26 -43 
24 39 11 26 -26 -18 -8 -1 -29 34 5 36 16 -39 -15 -48 9 -30 11 21 -45 -6 39 -29 15 44 -45 44 28 -14 1 -16 -40 
-48 -17 -5 -25 -47 13 15 40 -40 49 -30 47 13 9 -20 -5 -17 -4 -24 28 8 -2 -7 -40 23 -46 31 -5 -30 17 3 47 -24 
-44 -41 37 -16 -40 45 -15 -13 -39 -49 -28 23 6 -29 -40 -48 27 19 20 -37 -4 32 17 -3 -7 11 20 12 20 -35 -16 8 35 
-41 18 -11 -34 -40 44 32 -11 21 -17 35 -26 9 -28 -31 24 19 21 22 -4 -24 39 -9 14 38 6 25 36 21 41 32 -13 24 
0 -19 -33 -1 -45 -1 43 -26 -37 -38 31 -18 35 13 -3 -6 37 -10 -21 -18 -15 -44 28 46 15 -8 1 25 -12 -41 4 28 49 
-45 -19 36 -37 15 29 -15 46 -4 33 7 20 25 -8 10 -7 11 -33 36 -15 30 4 49 21 42 25 -8 34 -43 11 -39 -14 -27 
38 6 -20 1 14 41 -14 -36 14 -2 -27 1 -23 -19 4 -28 30 -41 1 -19 8 14 -11 7 -30 6 23 -16 -41 29 -18 43 45 
-19 -10 32 27 -48 -44 3 -7 -28 36 -40 -18 5 36 -2 48 -28 2 -38 -37 -47 -29 26 39 -21 34 -47 24 -10 -1 10 23 -39 
-24 -23 -41 37 -17 -8 -41 10 -38 -22 37 29 -25 -44 43 -11 -8 -47 -6 -38 -34 16 -19 27 -12 -25 -17 11 47 30 -1 -18 32 
-8 -42 0 -19 48 49 23 3 -40 -6 12 27 -13 -47 -36 -21 -43 12 -47 36 -36 18 -38 6 -24 35 -21 27 -38 -19 8 -20 28 
8 -39 -16 31 -20 -42 -22 -38 35 36 18 6 26 12 39 35 29 -46 -13 -1 -39 28 -26 -24 12 32 -9 -26 25 7 -19 21 14 
-44 9 4 -20 -7 49 -33 38 24 25 34 -16 12 -49 -30 17 41 16 24 -45 -31 -11 -44 2 -47 43 12 -4 -24 -29 36 -21 -30 
32 44 19 -29 42 16 42 20 47 35 -31 -18 -32 39 -23 38 7 16 -6 30 46 -16 -38 -26 10 -47 33 9 13 -7 -32 -35 -23 
30 47 -33 -10 4 -20 48 38 44 -8 33 -26 6 36 22 28 26 -47 49 -21 -17 -29 11 2 -40 -40 39 17 35 -29 26 24 15 
-9 23 -39 -12 46 48 0 -26 -50 9 -39 -38 -49 47 2 47 12 3 -10 5 6 -36 -15 27 42 -41 -47 -33 10 18 4 30 -8 
46 -41 12 -33 8 26 40 -22 22 -47 -49 4 18 -30 43 36 -35 20 24 34 -23 -24 26 22 -5 34 44 1 19 2 44 1 40 
23 11 -44 1 -40 3 -40 16 45 15 -23 -8 28 -47 -4 37 9 37 -9 15 -21 -30 24 41 8 -49 -49 -42 26 32 -22 45 -34 
45 -37 13 34 26 24 31 6 11 42 3 24 -42 12 -39 5 -1 33 -12 -47 11 45 -13 -10 28 -1 16 -36 11 -1 -35 37 31 
-41 13 -5 -14 -25 -25 -32 -6 1 5 26 13 45 -28 -13 -44 -47 -11 40 -24 32 -41 -30 38 -20 16 -4 41 49 -31 -19 -23 48 
-46 17 26 -36 -44 -29 6 -48 33 -10 11 -30 -31 -24 -24 30 -37 38 -34 41 44 34 38 -49 1 -15 -15 23 23 -11 14 27 2 
22 35 -12 -22 -9 47 -14 34 -13 -12 7 -42 -7 20 -24 32 -4 -44 -27 -35 -21 3 38 -3 -16 16 -2 -36 16 31 -13 38 -45 
-23 49 14 -28 -26 -44 -22 14 19 -16 -30 -36 8 0 6 -14 -41 7 -24 1 5 -11 43 -39 13 24 -43 21 -25 16 31 -25 -49 
37 -2 -39 34 -23 44 -49 -44 46 37 13 11 -35 39 -4 -34 -33 -4 -36 -30 -50 -37 -24 -3 3 0 1 15 27 -8 4 2 48 
36 -25 -31 -43 -4 -2 20 44 -9 42 30 35 37 -31 -26 21 45 -29 16 27 29 5 27 7 -42 -12 -21 -1 -48 40 45 -48 26 
38 4 1 14 43 -21 -21 -4 49 -48 35 -45 3 -13 18 -29 -36 15 23 25 44 8 -42 -40 18 -50 32 -11 9 5 7 38 38 
29 7 26 -43 -32 -42 -20 -28 -6 48 29 44 -20 49 -6 -19 36 -33 -9 -24 12 22 37 31 -27 -37 -2 17 13 9 2 2 -48 
38 -24 1 -32 -31 7 -15 23 -46 10 29 -26 -17 -5 3 31 49 43 38 -10 43 -20 -34 11 -50 -13 -39 42 -36 -48 -4 9 -21 
24 -45 -2 12 1 -36 36 29 0 45 -40 35 20 -22 15 -45 49 -14 -2 39 -49 36 21 16 -16 -44 -28 -38 -17 18 -10 16 -22 
-49 19 32 -9 -9 17 42 -18 38 39 -3 -50 -43 25 -31 25 -4 34 48 9 -43 -14 10 -39 4 -46 34 -41 5 -22 -8 -37 9 
-1 -16 -33 -19 9 24 -12 -2 -50 41 -3 30 -12 -38 -28 -5 35 45 -22 -19 7 46 10 -41 17 -43 -24 29 47 47 17 0 45 
0 -14 -47 45 0 -34 11 42 16 -26 19 -11 -26 -32 37 48 -13 14 -40 15 -5 3 30 28 18 26 33 -6 -18 -3 18 5 -39 
-27 -4 48 -43 -19 -25 35 49 23 -47 -29 33 10 -48 -9 41 41 -14 27 25 -40 -23 28 17 37 31 38 -40 8 5 4 22 14 
38 -33 -21 43 10 24 12 -46 28 -1 4 -21 -3 -12 19 47 18 -45 33 -47 16 -32 -34 33 37 23 37 -32 -38 38 -49 -1 39 
5 6 -19 -6 13 22 42 -21 -4 38 33 48 44 13 -48 -11 -2 42 -33 -22 37 -14 6 4 23 34 47 40 10 29 47 -2 27 
47 39 17 -20 38 -42 12 11 -49 18 -36 31 -44 8 31 13 -27 36 -15 -2 12 -20 20 -8 -38 -36 9 33 11 -23 -16 17 -35 
-22 -3 6 36 12 29 16 -44 -7 -5 -4 31 -33 16 -17 4 46 -21 -44 -43 -25 -23 -18 29 -50 -5 -41 1 39 -30 -14 -12 36 
-4 18 0 -25 -25 38 -45 -3 7 -37 26 14 47 45 45 -5 17 23 8 48 2 34 8 23 7 -21 48 -48 -39 34 41 39 3 
45 -9 15 -2 30 -13 -44 21 30 46 31 38 30 0 -35 46 -50 -31 -15 28 12 26 14 -23 -7 7 -4 4 -46 39 -6 25 30 
-48 4 46 35 -23 9 45 31 6 -32 31 23 31 -14 -32 -2 -48 3 -44 -29 -21 3 -11 42 -50 -13 46 -6 -38 20 20 -49 0 
10 39 -46 -17 44 39 10 30 35 11 4 0 -28 33 -2 -18 23 -12 -9 -49 -14 -21 42 -43 5 38 25 -49 -9 34 28 -34 33 
32 -21 -12 -3 -18 -12 23 -50 30 -28 26 18 -17 -5 30 28 0 42 -5 -25 -30 -20 -43 30 33 -20 -27 26 -32 -9 -42 41 18 
-11 41 -44 -24 20 0 -45 -25 -12 -6 -32 40 0 40 -35 2 17 -14 30 -29 -15 -47 38 -45 -21 24 25 38 5 28 -2 -43 -8 
-19 21 -29 -25 21 -36 8 31 47 -18 -47 2 -28 -48 -28 -33 29 -5 15 -40 -38 9 -36 -3 -4 7 -48 49 -23 36 17 -15 12 
44 -24 25 -41 -48 -13 -22 -11 35 17 33 -1 36 31 2 22 -38 47 -18 10 -16 24 38 10 6 33 -32 12 19 -3 20 -38 -42 
15 17 29 26 13 -44 -11 -15 -46 28 1 -40 -5 18 -36 4 -26 3 3 5 34 -5 13 38 -5 25 22 8 3 -24 -40 45 -33 
8 -41 -36 -14 22 5 40 34 -4 36 38 -44 40 8 11 47 14 25 13 32 -16 46 -35 0 46 37 -35 9 -46 -43 34 -35 -43 
-10 5 9 -13 31 -46 46 24 46 49 38 48 40 -44 -23 12 -30 -19 -12 44 -20 36 1 -29 -29 16 -40 46 -31 42 30 1 4 
-47 -40 20 -49 32 38 -31 10 33 4 13 -29 -40 -7 -28 12 47 -21 8 47 -21 2 13 -24 -45 4 35 -27 27 28 16 32 16 
-19 -19 -24 -38 6 -2 25 34 -44 -4 9 -43 43 -26 -29 17 -16 -37 -25 6 26 24 -46 -28 -11 -7 40 -29 -44 -47 -21 -38 17 
