25 31
-8 -27 26 -31 4 20 -31 -6 48 10 -44 -4 4 -24 -48 11 37 48 -49 -49 -25 -44 42 44 49 -40 28 46 48 21 14 
39 47 -46 -42 -21 -2 -18 -34 21 -10 -40 -21 -39 -11 -42 -39 37 -34 42 -48 -28 -1 -20 -37 -41 1 7 37 22 -12 6 
45 -33 -36 -50 2 -36 46 47 -49 -9 -49 46 -9 -27 -6 -19 20 -4 -4 21 -35 -42 45 -1 -19 22 -24 -22 -50 -3 7 
12 -1 11 -27 15 49 3 0 -10 28 -16 -21 -20 40 -42 10 -44 -50 -8 47 -14 13 -33 9 20 -12 11 -46 -19 -3 -15 
-41 38 30 -7 47 -38 -12 -40 -4 23 10 16 -43 -31 -33 -49 19 3 14 -43 -26 -8 -20 2 2 32 -46 40 23 -17 29 
49 -50 -7 12 -5 -6 26 -34 -21 -11 4 -9 31 6 -22 -29 -28 -49 19 -48 -41 -30 -44 -18 15 -6 -41 29 -13 -29 13 
-1 -4 -27 -44 -43 -1 -11 36 -5 -12 24 26 9 41 18 -41 -16 -44 27 -28 -48 31 -37 -14 -8 -25 -33 32 -27 -2 -11 
-50 14 24 -28 -48 23 -13 -19 -25 -21 -37 -35 -4 48 -9 -15 -9 -38 -11 -50 37 47 35 -15 41 45 32 30 -9 -44 16 
6 2 14 -28 -21 9 16 41 -13 20 19 -3 -8 20 -33 -45 -29 -26 -6 -30 14 -37 -24 -32 -28 10 6 -13 -26 -46 -36 
-19 -45 -33 0 0 13 -38 15 40 25 35 42 28 9 18 6 42 -25 1 -41 47 29 41 -37 -6 27 36 -35 20 13 -30 
-44 36 33 -1 -2 12 11 23 49 28 -49 11 4 -19 -29 47 13 -39 -34 24 34 -48 28 -32 5 -26 -41 24 12 -36 -23 
6 5 -45 -17 -26 35 33 33 46 -11 49 27 -8 -42 29 -12 7 -47 -50 -48 -18 22 34 27 -16 -19 34 12 -39 -5 -3 
-12 28 30 -23 -24 -35 -8 33 -45 -16 -17 15 -20 -49 15 -42 -46 37 29 -17 41 -28 -13 -49 -34 32 11 0 -34 -32 -12 
17 48 -20 -9 6 23 -4 -17 -35 9 40 -41 -2 41 -16 16 6 -50 18 29 -6 45 17 -43 -16 33 -35 -4 30 5 17 
-3 -34 49 -21 -4 47 -27 18 15 -35 -21 -48 -42 42 15 -26 27 -9 12 1 14 -43 -20 -6 21 26 7 -22 15 -18 -16 
-29 22 6 37 49 -2 34 -26 4 24 -14 0 -32 -37 -49 -26 -2 -18 47 27 -49 -41 39 29 -25 -6 19 18 -29 -44 -21 
25 -50 -43 11 43 -11 -40 36 46 -47 -25 -6 -35 9 3 34 -11 24 4 -7 36 35 16 39 49 -49 -12 -44 16 -14 -44 
41 22 3 24 7 -18 3 23 21 48 22 -9 7 -18 3 48 25 42 -25 14 -40 -32 -38 49 27 32 -25 8 -22 38 -31 
-10 24 4 -2 6 1 27 41 5 22 38 -46 -40 19 15 17 -12 -3 47 -37 -9 30 -31 16 -33 34 38 -46 -43 40 -29 
12 -14 11 -30 -6 16 -19 2 -48 40 37 10 22 -37 16 -21 -36 -49 -49 -47 -3 -21 -34 -29 20 -11 -8 30 -48 27 13 
29 44 44 -8 -42 8 -39 -13 -18 -33 36 -36 1 -14 43 -43 -20 -41 43 21 -16 5 -17 48 -36 39 48 -3 46 -5 11 
19 38 1 45 15 38 -16 41 -29 33 20 -21 -35 43 29 36 -11 4 -41 -14 -23 28 6 33 -28 -46 12 -13 45 -48 -39 
-40 -39 47 30 -20 30 -13 17 21 5 37 -49 35 -30 43 27 -22 6 28 -37 -24 -18 13 13 -9 46 -33 -16 -42 32 25 
-14 -14 -9 28 -21 -46 18 17 -37 23 5 -37 45 -17 6 43 -18 26 19 -20 -24 -45 35 2 -11 45 -34 -19 -26 -3 19 
41 -33 -35 -23 33 -22 13 -5 -24 -28 1 39 -33 -42 -24 32 21 -21 40 -16 44 -22 45 34 28 -37 46 5 -3 11 13 
