19 11
20 45 -28 14 -34 -1 -34 31 -25 17 10 
-33 -49 22 -40 -37 -5 -40 14 -44 19 -6 
19 15 -26 22 30 16 -50 1 34 6 30 
-22 -7 10 9 34 -28 -6 17 -48 -13 -12 
-5 44 46 -30 37 32 -33 -28 -11 -8 37 
-35 4 46 -16 -30 -33 -40 -39 -19 -48 -20 
28 -40 37 -48 21 48 24 -24 12 25 10 
8 25 -17 34 -2 -30 -5 -40 -44 -2 38 
-17 34 6 -23 -10 -21 29 49 18 16 14 
-19 16 -23 37 46 -35 43 13 19 27 5 
-24 25 -50 -1 3 16 19 40 -38 15 27 
-2 -48 -36 23 -28 2 43 18 -37 37 -31 
-7 -39 15 -36 34 22 38 -47 -9 -37 -19 
-27 -23 -15 -38 -36 -30 -2 21 -33 48 -33 
25 36 -17 -23 12 -45 10 -17 -26 23 -43 
-40 -16 1 -43 1 -46 -16 25 39 -42 -6 
32 -6 35 10 26 20 10 23 15 -17 -9 
-32 33 4 -2 -36 42 -14 -16 15 -22 26 
12 -18 -46 13 -17 8 -39 -13 -37 -15 -39 
